c419.xyz -3838063.44737 -3553239.96659 -284697.686083
c594.xyz -3838078.43754 -3553231.20333 -284708.407948
c2691.xyz -3838099.13814 -3553252.21228 -284709.397264
c2936.xyz -3838094.83712 -3553257.81623 -284707.317505
c3820.xyz -3838108.62802 -3553266.91999 -284712.34355
c2534.xyz -3838101.88473 -3553272.49453 -284710.034881
c3945.xyz -3838089.79029 -3553272.53779 -284701.947445
c510.xyz -3838127.36976 -3553287.72598 -284705.125909
c1683.xyz -3838105.04804 -3553275.27152 -284691.01376
c174.xyz -3838061.9046 -3553233.51449 -284710.515262
c1976.xyz -3838081.3664 -3553252.5451 -284707.930845
c3933.xyz -3838090.31221 -3553249.58908 -284705.235796
c2114.xyz -3838073.84389 -3553213.33092 -284704.517533
c2734.xyz -3838052.06345 -3553212.64256 -284708.770349
c393.xyz -3838084.05276 -3553244.25534 -284706.519034
c645.xyz -3838058.86156 -3553225.26143 -284705.253035
c1481.xyz -3838098.85838 -3553260.23007 -284705.889876
c3672.xyz -3838092.48084 -3553250.31443 -284711.595352
c3144.xyz -3838115.28039 -3553292.22771 -284698.717377
c3953.xyz -3838090.44458 -3553257.02419 -284705.483876
c24.xyz -3838091.21865 -3553245.6411 -284706.371047
c2798.xyz -3838087.20875 -3553258.20889 -284708.406321
c2019.xyz -3838051.39612 -3553227.38731 -284705.16317
c2050.xyz -3838107.78751 -3553275.90671 -284698.16624
c1023.xyz -3838080.20405 -3553240.16813 -284699.13878
c467.xyz -3838076.52769 -3553253.83799 -284702.304551
c2542.xyz -3838100.55036 -3553262.9412 -284711.096309
c3960.xyz -3838044.09986 -3553206.40499 -284705.512023
c247.xyz -3838085.32436 -3553254.66843 -284708.738242
c1995.xyz -3838109.28374 -3553265.84002 -284702.724454
c3151.xyz -3838102.68622 -3553263.07031 -284714.868094
c177.xyz -3838103.40125 -3553272.5377 -284696.857663
c810.xyz -3838092.85632 -3553260.77567 -284702.561759
c1529.xyz -3838064.50325 -3553241.25828 -284691.767518
c606.xyz -3838089.01406 -3553257.41646 -284711.376909
c2148.xyz -3838092.27843 -3553264.31454 -284701.117818
c3345.xyz -3838062.2176 -3553231.00075 -284699.190738
c361.xyz -3838077.50562 -3553255.61841 -284701.840293
c3867.xyz -3838098.22339 -3553260.67992 -284713.636226
c3001.xyz -3838101.43141 -3553263.99498 -284712.628346
c3396.xyz -3838089.52092 -3553248.86717 -284696.972995
c1723.xyz -3838101.27432 -3553258.39792 -284707.947681
c495.xyz -3838082.95926 -3553239.11925 -284711.844946
c3313.xyz -3838089.97205 -3553242.80797 -284707.87756
c1179.xyz -3838064.27981 -3553240.58472 -284701.96967
c3285.xyz -3838055.75812 -3553221.98873 -284700.627933
c3114.xyz -3838103.59825 -3553260.30976 -284713.489263
c3033.xyz -3838039.41087 -3553215.26711 -284699.787893
c194.xyz -3838125.40165 -3553287.30744 -284707.060489
c3365.xyz -3838107.78543 -3553266.21765 -284705.522598
c2695.xyz -3838084.41218 -3553245.99345 -284703.577214
c2509.xyz -3838078.80785 -3553254.09932 -284706.805517
c3838.xyz -3838091.06892 -3553259.32343 -284707.00706
c3047.xyz -3838113.65641 -3553271.88136 -284716.006508
c3499.xyz -3838109.12312 -3553261.89985 -284709.624792
c605.xyz -3838083.10191 -3553245.64624 -284690.726011
c2012.xyz -3838094.40696 -3553256.7988 -284701.235324
c1498.xyz -3838106.26554 -3553256.32458 -284704.736628
c3418.xyz -3838093.45577 -3553263.00055 -284703.422029
c329.xyz -3838104.09628 -3553265.92558 -284714.285339
c3407.xyz -3838073.45659 -3553248.80406 -284696.684623
c1532.xyz -3838087.46527 -3553239.7329 -284714.670516
c2708.xyz -3838050.64135 -3553212.2389 -284704.691961
c1647.xyz -3838089.82278 -3553236.84199 -284707.016388
c304.xyz -3838082.98277 -3553250.53061 -284704.160076
c3302.xyz -3838094.46746 -3553266.47419 -284702.300981
c2280.xyz -3838105.83491 -3553265.56724 -284706.815996
c1028.xyz -3838067.91333 -3553244.19387 -284701.970296
c910.xyz -3838074.42597 -3553231.21127 -284716.438505
c859.xyz -3838084.46754 -3553256.69954 -284707.347572
c3361.xyz -3838081.74622 -3553253.58992 -284707.110945
c2786.xyz -3838088.64258 -3553250.88244 -284705.829404
c1411.xyz -3838082.79724 -3553242.83854 -284713.361781
c1085.xyz -3838091.46213 -3553265.35388 -284695.065704
c3656.xyz -3838075.37669 -3553242.51869 -284706.173638
c726.xyz -3838075.18806 -3553237.72269 -284703.977937
c1424.xyz -3838084.792 -3553266.97785 -284684.33353
c1413.xyz -3838046.61503 -3553222.24171 -284694.967282
c1044.xyz -3838072.26168 -3553235.69338 -284697.794132
c2406.xyz -3838073.04163 -3553245.90236 -284699.530398
c2110.xyz -3838088.29722 -3553277.00015 -284699.656293
c3178.xyz -3838106.51999 -3553288.62535 -284697.659298
c3619.xyz -3838113.32815 -3553286.06167 -284708.75877
c1217.xyz -3838103.25047 -3553268.60057 -284706.718185
c2174.xyz -3838108.47379 -3553266.99068 -284699.537073
c1695.xyz -3838111.43237 -3553282.41175 -284709.838384
c1813.xyz -3838101.04599 -3553266.80242 -284703.596505
c666.xyz -3838060.83704 -3553235.91999 -284701.458215
c2436.xyz -3838085.68564 -3553270.9303 -284692.750007
c1653.xyz -3838100.11031 -3553267.0022 -284712.736991
c952.xyz -3838093.83769 -3553260.4067 -284694.740199
c2320.xyz -3838079.84683 -3553240.34503 -284708.731424
c919.xyz -3838078.0844 -3553224.88785 -284709.431123
c2044.xyz -3838083.77406 -3553266.49959 -284688.467268
c780.xyz -3838046.85968 -3553229.12087 -284698.944468
c1909.xyz -3838081.3545 -3553263.98633 -284695.030665
c3612.xyz -3838089.76563 -3553264.48962 -284701.767635
c241.xyz -3838096.13931 -3553257.47796 -284702.162937
c2616.xyz -3838100.36983 -3553254.28564 -284699.492382
c3737.xyz -3838088.67163 -3553253.20161 -284701.292779
c3682.xyz -3838110.05911 -3553271.54678 -284706.698836
c2650.xyz -3838099.12532 -3553269.69296 -284717.547859
c58.xyz -3838093.0769 -3553256.22555 -284711.050818
c1502.xyz -3838097.42906 -3553247.76304 -284702.977392
c2930.xyz -3838080.34656 -3553249.99364 -284703.893962
c2147.xyz -3838072.37372 -3553230.05506 -284708.854663
c798.xyz -3838057.01693 -3553249.17628 -284698.072739
c2379.xyz -3838090.90461 -3553252.84255 -284710.142433
c3410.xyz -3838083.40168 -3553250.04472 -284715.012181
c1259.xyz -3838059.08993 -3553231.10983 -284709.479973
c1852.xyz -3838095.19687 -3553259.69978 -284705.661759
c2905.xyz -3838107.94903 -3553266.7015 -284703.859478
c1939.xyz -3838109.99814 -3553283.32407 -284700.531747
c941.xyz -3838107.39753 -3553265.95196 -284713.905639
c3578.xyz -3838089.91671 -3553250.29352 -284701.086255
c2747.xyz -3838096.13442 -3553259.41748 -284707.491044
c3400.xyz -3838080.09275 -3553238.4138 -284714.945685
c2128.xyz -3838093.77434 -3553249.91544 -284706.843004
c2093.xyz -3838088.56482 -3553254.58235 -284699.319599
c585.xyz -3838105.96702 -3553260.068 -284703.834104
c2253.xyz -3838086.49805 -3553245.41166 -284713.423817
c1372.xyz -3838060.59766 -3553238.32058 -284691.588472
c1345.xyz -3838113.15445 -3553285.31109 -284702.517989
c1006.xyz -3838048.58541 -3553217.81203 -284703.424049
c3801.xyz -3838074.93712 -3553248.14026 -284706.137109
c2034.xyz -3838078.74411 -3553235.31418 -284698.857344
c3518.xyz -3838079.71325 -3553245.15407 -284699.261544
c3406.xyz -3838103.80734 -3553261.01375 -284710.75682
c1542.xyz -3838105.78695 -3553271.70922 -284709.518041
c1265.xyz -3838081.18241 -3553247.52983 -284704.584551
c1272.xyz -3838084.61506 -3553248.70137 -284706.329331
c2537.xyz -3838077.18762 -3553236.75914 -284715.787997
c299.xyz -3838102.90907 -3553268.86265 -284708.926571
c2246.xyz -3838098.67685 -3553269.0602 -284704.467167
c380.xyz -3838119.30627 -3553259.76223 -284709.52105
c2370.xyz -3838076.07817 -3553234.45295 -284706.304578
c2585.xyz -3838094.07886 -3553264.69761 -284710.998772
c975.xyz -3838059.13896 -3553239.83112 -284712.474086
c1211.xyz -3838076.72635 -3553261.64781 -284700.038265
c2996.xyz -3838095.34867 -3553258.85517 -284707.523952
c165.xyz -3838092.88093 -3553260.25708 -284705.213227
c3920.xyz -3838073.64592 -3553246.74906 -284702.190874
c478.xyz -3838083.74452 -3553257.26771 -284693.119996
c2549.xyz -3838118.15667 -3553283.28753 -284709.005158
c3340.xyz -3838120.37231 -3553282.25123 -284710.660954
c3447.xyz -3838099.69027 -3553260.71279 -284711.655936
c2911.xyz -3838094.39274 -3553249.93695 -284704.935435
c2995.xyz -3838086.82816 -3553249.05297 -284701.964438
c1003.xyz -3838089.73023 -3553245.32038 -284704.901097
c3159.xyz -3838064.28739 -3553225.66004 -284708.123561
c2538.xyz -3838071.30563 -3553232.82635 -284703.738701
c2183.xyz -3838095.66613 -3553270.99931 -284705.599598
c933.xyz -3838060.271 -3553224.16071 -284707.772285
c3173.xyz -3838087.90083 -3553254.96767 -284707.913519
c1836.xyz -3838095.84149 -3553250.64772 -284712.915941
c389.xyz -3838078.33479 -3553246.16628 -284682.666656
c1600.xyz -3838060.87058 -3553255.33023 -284690.465804
c3208.xyz -3838101.05379 -3553263.49834 -284712.830905
c319.xyz -3838115.38968 -3553276.30183 -284696.449076
c18.xyz -3838064.95473 -3553233.80132 -284703.000191
c1401.xyz -3838099.40029 -3553272.15468 -284701.973116
c2941.xyz -3838051.0201 -3553214.00382 -284693.580651
c3011.xyz -3838083.71034 -3553256.72958 -284706.828012
c599.xyz -3838074.87269 -3553241.98908 -284706.826355
c2992.xyz -3838054.58903 -3553239.3844 -284698.063143
c2893.xyz -3838078.17247 -3553242.44393 -284699.509195
c3587.xyz -3838077.12325 -3553241.31696 -284709.129505
c2651.xyz -3838108.93877 -3553268.58323 -284713.756069
c833.xyz -3838094.59748 -3553252.2271 -284715.402138
c1937.xyz -3838086.3096 -3553255.7421 -284702.407342
c178.xyz -3838061.07673 -3553219.80322 -284712.581615
c2665.xyz -3838069.68897 -3553232.88286 -284705.122415
c2334.xyz -3838097.59546 -3553270.38917 -284706.197822
c1183.xyz -3838079.97143 -3553245.10941 -284714.367737
c1433.xyz -3838107.85492 -3553267.47813 -284711.540489
c2307.xyz -3838095.35875 -3553259.60409 -284711.701751
c660.xyz -3838100.24698 -3553256.2656 -284712.588223
c293.xyz -3838076.61219 -3553241.54892 -284709.851191
c1725.xyz -3838073.36901 -3553237.54608 -284698.452971
c3598.xyz -3838094.29014 -3553262.69979 -284708.280231
c751.xyz -3838080.67047 -3553254.5794 -284702.240254
c136.xyz -3838099.46211 -3553269.77945 -284691.377219
c1553.xyz -3838095.12925 -3553242.17063 -284718.162346
c1417.xyz -3838086.69795 -3553249.72392 -284713.841602
c2685.xyz -3838085.40489 -3553245.26497 -284709.628762
c2530.xyz -3838109.375 -3553268.1837 -284703.859788
c3254.xyz -3838063.68018 -3553236.23215 -284701.345118
c3563.xyz -3838097.48729 -3553270.84186 -284704.358265
c2112.xyz -3838056.43897 -3553208.02314 -284707.247511
c2470.xyz -3838069.20162 -3553234.04617 -284694.816061
c1546.xyz -3838077.7123 -3553261.65946 -284697.377164
c243.xyz -3838081.96709 -3553237.90888 -284705.735834
c3283.xyz -3838069.435 -3553237.76429 -284709.145276
c2021.xyz -3838060.33088 -3553227.66478 -284695.030888
c2084.xyz -3838090.34767 -3553246.9118 -284707.749931
c989.xyz -3838105.15611 -3553276.45822 -284699.743747
c1876.xyz -3838079.69899 -3553232.04458 -284711.770397
c1692.xyz -3838078.44493 -3553229.74018 -284709.388052
c3421.xyz -3838124.74765 -3553289.96986 -284709.642591
c2302.xyz -3838113.8956 -3553261.5347 -284715.317539
c3540.xyz -3838081.54983 -3553262.34489 -284706.394397
c1602.xyz -3838077.16024 -3553261.1364 -284697.328492
c724.xyz -3838083.28461 -3553248.46291 -284711.943039
c791.xyz -3838101.62115 -3553276.68923 -284701.065991
c274.xyz -3838074.89044 -3553247.35016 -284705.13718
c3949.xyz -3838090.36966 -3553257.03103 -284700.351989
c1603.xyz -3838101.30726 -3553261.01795 -284704.469526
c1111.xyz -3838088.36828 -3553247.5662 -284712.748205
c3987.xyz -3838080.77038 -3553240.42056 -284707.963773
c3870.xyz -3838087.27806 -3553263.55782 -284702.5418
c3690.xyz -3838052.01573 -3553198.95137 -284715.915566
c944.xyz -3838079.29067 -3553243.78247 -284695.922331
c2571.xyz -3838091.94716 -3553260.47166 -284698.451861
c2964.xyz -3838082.7248 -3553257.19491 -284699.236424
c1305.xyz -3838093.34324 -3553278.58951 -284705.236708
c191.xyz -3838094.57411 -3553256.04215 -284713.262735
c1199.xyz -3838073.61909 -3553236.93211 -284697.913396
c966.xyz -3838087.99025 -3553269.03284 -284703.653245
c684.xyz -3838101.52441 -3553252.61121 -284718.173349
c421.xyz -3838089.94103 -3553262.45911 -284708.845451
c2843.xyz -3838070.3154 -3553254.07627 -284686.601738
c26.xyz -3838092.77093 -3553276.36853 -284703.550636
c1533.xyz -3838091.12311 -3553248.70992 -284711.607301
c431.xyz -3838077.00136 -3553233.01944 -284702.950521
c2261.xyz -3838092.78364 -3553247.55436 -284700.092047
c3620.xyz -3838095.37338 -3553269.78415 -284703.586054
c1596.xyz -3838086.98079 -3553259.09338 -284707.947809
c3654.xyz -3838112.35258 -3553278.70516 -284708.549574
c2046.xyz -3838080.3752 -3553247.20699 -284713.130295
c2592.xyz -3838068.91344 -3553248.08413 -284702.64571
c584.xyz -3838129.97054 -3553289.72737 -284707.786879
c3229.xyz -3838106.3859 -3553259.32902 -284717.368678
c1620.xyz -3838087.51614 -3553253.77594 -284710.900622
c772.xyz -3838102.78043 -3553268.44609 -284706.685287
c2010.xyz -3838075.14112 -3553236.89794 -284694.934914
c3686.xyz -3838061.19559 -3553231.83701 -284707.360816
c2199.xyz -3838109.78342 -3553262.09891 -284714.10128
c1828.xyz -3838104.05719 -3553263.1991 -284702.361475
c2694.xyz -3838036.86022 -3553205.92101 -284705.479966
c909.xyz -3838097.7983 -3553255.43736 -284708.037885
c3775.xyz -3838044.539 -3553218.17478 -284693.944795
c2875.xyz -3838087.55199 -3553257.01382 -284701.570541
c3286.xyz -3838074.53011 -3553243.94412 -284697.825853
c3837.xyz -3838082.96228 -3553249.444 -284699.135204
c3832.xyz -3838088.77512 -3553259.91933 -284699.924747
c3393.xyz -3838102.80376 -3553274.68595 -284701.365066
c1597.xyz -3838084.96904 -3553260.67583 -284704.736072
c2785.xyz -3838086.02386 -3553236.63139 -284708.345923
c2952.xyz -3838068.83941 -3553241.58495 -284695.188281
c1644.xyz -3838095.92233 -3553253.60921 -284714.225382
c3575.xyz -3838104.43841 -3553275.93867 -284696.083922
c764.xyz -3838124.59574 -3553289.07535 -284707.729446
c1859.xyz -3838095.75626 -3553233.93351 -284706.085213
c1615.xyz -3838066.04627 -3553241.27213 -284707.029069
c3454.xyz -3838123.28627 -3553277.05436 -284709.860265
c3521.xyz -3838079.66101 -3553234.90072 -284709.757764
c3984.xyz -3838054.26259 -3553218.64245 -284702.405386
c3535.xyz -3838108.73891 -3553283.9034 -284714.419285
c3751.xyz -3838122.90188 -3553267.89406 -284713.729958
c40.xyz -3838089.20883 -3553241.67549 -284708.95532
c2544.xyz -3838042.05479 -3553227.27645 -284700.817969
c3066.xyz -3838096.36032 -3553251.49613 -284712.174263
c1569.xyz -3838089.80154 -3553256.8423 -284706.634123
c316.xyz -3838080.29634 -3553235.14015 -284710.748322
c2742.xyz -3838099.64894 -3553270.71776 -284694.593882
c3627.xyz -3838110.5967 -3553291.66633 -284696.27372
c1444.xyz -3838072.22791 -3553249.71024 -284703.165705
c112.xyz -3838112.99227 -3553289.13019 -284695.272088
c3994.xyz -3838083.60385 -3553256.62567 -284705.673867
c1367.xyz -3838086.6569 -3553249.88096 -284701.231424
c2627.xyz -3838110.40106 -3553277.03942 -284697.967027
c1774.xyz -3838093.79069 -3553253.11449 -284704.925871
c2917.xyz -3838102.37796 -3553268.14525 -284705.700483
c2184.xyz -3838105.68305 -3553257.68249 -284714.872203
c3847.xyz -3838085.25033 -3553252.00869 -284701.543598
c3469.xyz -3838063.68618 -3553235.32174 -284690.63137
c1244.xyz -3838074.57732 -3553254.02368 -284698.565671
c3626.xyz -3838069.14337 -3553227.96893 -284704.422103
c2433.xyz -3838090.55174 -3553253.8497 -284708.737097
c3668.xyz -3838058.767 -3553236.61349 -284692.445696
c1780.xyz -3838095.32373 -3553264.00646 -284710.144194
c667.xyz -3838081.6065 -3553250.63466 -284707.697156
c405.xyz -3838086.07654 -3553255.20797 -284713.333976
c1786.xyz -3838090.45316 -3553254.86942 -284699.600615
c3007.xyz -3838089.87373 -3553260.56131 -284703.039319
c1617.xyz -3838083.66142 -3553239.21679 -284702.199737
c997.xyz -3838107.16857 -3553266.69332 -284713.144844
c877.xyz -3838114.58015 -3553279.50067 -284706.519701
c2861.xyz -3838102.76594 -3553255.08166 -284710.222327
c2297.xyz -3838107.02003 -3553268.35701 -284702.182532
c3649.xyz -3838094.37177 -3553247.241 -284708.185995
c3502.xyz -3838104.06889 -3553256.48557 -284702.598765
c2451.xyz -3838069.12613 -3553246.90567 -284699.583599
c2620.xyz -3838077.18754 -3553231.73821 -284704.712542
c3315.xyz -3838084.65031 -3553253.30038 -284706.739024
c2434.xyz -3838106.3366 -3553261.85956 -284706.995393
c1339.xyz -3838113.57965 -3553271.60217 -284712.16589
c2001.xyz -3838111.91514 -3553274.28372 -284712.531039
c3019.xyz -3838073.72677 -3553247.27037 -284702.459893
c1136.xyz -3838083.63031 -3553253.04183 -284701.148913
c1198.xyz -3838080.45589 -3553227.33062 -284712.208184
c1756.xyz -3838081.58748 -3553248.08687 -284704.022456
c3958.xyz -3838111.24189 -3553263.32298 -284711.629972
c95.xyz -3838104.00012 -3553269.41385 -284704.062366
c435.xyz -3838093.1589 -3553270.91713 -284699.473383
c547.xyz -3838079.87205 -3553247.5247 -284696.678768
c3366.xyz -3838091.81158 -3553263.22089 -284711.055071
c697.xyz -3838071.56275 -3553245.34779 -284714.667438
c2828.xyz -3838102.86583 -3553280.46414 -284697.302822
c2442.xyz -3838083.58243 -3553235.57848 -284714.103507
c2700.xyz -3838092.43101 -3553272.56535 -284701.010323
c3431.xyz -3838089.44415 -3553248.51311 -284712.382057
c1098.xyz -3838081.43754 -3553256.40576 -284700.986398
c1148.xyz -3838060.8268 -3553238.27681 -284704.33687
c2800.xyz -3838077.77684 -3553258.69647 -284691.179244
c1080.xyz -3838095.64423 -3553258.96665 -284715.438533
c2680.xyz -3838099.72968 -3553258.93125 -284699.420803
c170.xyz -3838074.24446 -3553232.06666 -284702.308069
c3724.xyz -3838086.42645 -3553242.66022 -284707.389161
c2901.xyz -3838072.34224 -3553259.04526 -284691.42165
c3915.xyz -3838083.70511 -3553242.33077 -284699.536362
c1748.xyz -3838059.90948 -3553225.13432 -284705.137821
c1508.xyz -3838068.3853 -3553245.969 -284695.76444
c3532.xyz -3838024.16738 -3553208.07694 -284691.951804
c923.xyz -3838096.72207 -3553245.90583 -284711.709145
c3577.xyz -3838115.63037 -3553282.91618 -284711.142946
c91.xyz -3838110.83393 -3553276.62334 -284708.150649
c913.xyz -3838070.44964 -3553226.31433 -284713.921993
c842.xyz -3838082.01014 -3553266.37784 -284706.001634
c3209.xyz -3838090.05534 -3553257.60155 -284699.097571
c1718.xyz -3838067.81654 -3553239.25784 -284704.030437
c2329.xyz -3838102.75239 -3553281.23302 -284685.235889
c2762.xyz -3838075.03294 -3553228.18614 -284707.366147
c1483.xyz -3838105.96827 -3553272.58335 -284703.040987
c3797.xyz -3838054.00449 -3553222.7048 -284708.089132
c2599.xyz -3838092.4171 -3553259.51821 -284708.541957
c770.xyz -3838083.2556 -3553259.97528 -284709.468701
c1809.xyz -3838052.8812 -3553214.5869 -284711.395246
c317.xyz -3838085.40852 -3553264.12576 -284693.41162
c487.xyz -3838109.87158 -3553280.59844 -284707.987022
c559.xyz -3838114.45562 -3553271.36888 -284714.898938
c3860.xyz -3838057.83891 -3553231.83624 -284700.065269
c1188.xyz -3838081.81925 -3553249.74104 -284707.971707
c710.xyz -3838046.1348 -3553207.81811 -284701.074612
c2846.xyz -3838076.55605 -3553243.52051 -284709.222858
c652.xyz -3838066.58689 -3553223.29346 -284707.20846
c792.xyz -3838081.01348 -3553254.21888 -284704.937154
c2191.xyz -3838101.99737 -3553263.63089 -284705.241665
c2275.xyz -3838101.53406 -3553256.94031 -284712.860138
c1649.xyz -3838115.2651 -3553271.04773 -284708.569098
c2139.xyz -3838078.9316 -3553244.44793 -284712.861494
c3143.xyz -3838088.16436 -3553258.739 -284704.358758
c2086.xyz -3838111.58891 -3553249.36435 -284708.424303
c1358.xyz -3838086.83653 -3553257.96363 -284714.596876
c1159.xyz -3838120.41852 -3553274.85663 -284709.74265
c639.xyz -3838093.99415 -3553261.44419 -284704.200664
c3854.xyz -3838064.19336 -3553236.5632 -284705.103091
c1448.xyz -3838077.42747 -3553256.108 -284705.397586
c2979.xyz -3838077.16669 -3553248.90555 -284700.982598
c1369.xyz -3838056.02446 -3553233.49567 -284702.73241
c2501.xyz -3838058.77486 -3553234.18514 -284696.072454
c1518.xyz -3838080.79783 -3553241.59974 -284709.454357
c2124.xyz -3838059.51155 -3553207.90768 -284706.599465
c59.xyz -3838087.52426 -3553252.47441 -284710.41856
c2265.xyz -3838044.88051 -3553219.15618 -284692.546756
c1200.xyz -3838087.50126 -3553250.91913 -284697.13329
c1598.xyz -3838098.53842 -3553270.57223 -284707.47455
c3962.xyz -3838059.26095 -3553227.4693 -284701.54584
c3420.xyz -3838081.87712 -3553255.1908 -284704.475209
c1338.xyz -3838116.76789 -3553280.13703 -284712.918482
c1173.xyz -3838059.61425 -3553217.43374 -284709.010616
c1032.xyz -3838105.32538 -3553262.19816 -284709.588026
c490.xyz -3838067.89734 -3553228.5596 -284714.633383
c2077.xyz -3838107.22564 -3553280.27545 -284706.495284
c305.xyz -3838092.4823 -3553262.40941 -284702.971759
c1337.xyz -3838113.04748 -3553272.2677 -284702.258849
c2796.xyz -3838097.79068 -3553260.15532 -284710.711975
c3554.xyz -3838109.24943 -3553264.48903 -284712.8461
c56.xyz -3838093.15068 -3553271.06649 -284700.051154
c3779.xyz -3838040.04919 -3553217.55941 -284695.993502
c328.xyz -3838094.64996 -3553268.20696 -284706.092493
c1595.xyz -3838079.42472 -3553253.66489 -284701.92222
c345.xyz -3838113.2207 -3553285.62316 -284700.401962
c2316.xyz -3838095.77848 -3553254.97334 -284697.171297
c580.xyz -3838054.33375 -3553247.66221 -284687.07029
c3723.xyz -3838071.62454 -3553246.63189 -284690.447425
c1461.xyz -3838103.46619 -3553273.10719 -284699.891621
c377.xyz -3838108.7644 -3553281.3739 -284713.076843
c1178.xyz -3838057.73101 -3553219.44388 -284691.8329
c504.xyz -3838067.36418 -3553220.25894 -284708.923967
c576.xyz -3838102.34212 -3553268.30098 -284702.252505
c1543.xyz -3838102.8596 -3553272.46008 -284698.979008
c789.xyz -3838077.90776 -3553238.5335 -284699.665632
c94.xyz -3838072.52721 -3553256.16291 -284680.937131
c50.xyz -3838113.36744 -3553279.53046 -284706.041016
c1707.xyz -3838117.60506 -3553273.3672 -284708.528127
c1936.xyz -3838089.63161 -3553275.84963 -284703.234063
c3226.xyz -3838107.96015 -3553280.92914 -284715.112145
c2109.xyz -3838093.74541 -3553260.13061 -284712.625489
c2588.xyz -3838057.77785 -3553233.45694 -284694.382786
c1157.xyz -3838098.88747 -3553272.38568 -284701.884802
c2115.xyz -3838083.22937 -3553257.23726 -284700.315268
c3132.xyz -3838038.52077 -3553231.07047 -284699.515952
c3131.xyz -3838079.33503 -3553250.62143 -284695.531087
c795.xyz -3838082.42484 -3553254.47147 -284713.374987
c2476.xyz -3838080.66045 -3553260.26935 -284705.191598
c1328.xyz -3838089.46751 -3553250.51283 -284709.224618
c1449.xyz -3838109.12454 -3553283.9352 -284696.763188
c2741.xyz -3838124.0025 -3553274.11406 -284713.368911
c1516.xyz -3838097.47357 -3553258.4439 -284705.824993
c2510.xyz -3838094.1559 -3553269.81656 -284699.103908
c2497.xyz -3838072.39919 -3553247.63014 -284702.417151
c2421.xyz -3838098.87377 -3553256.56238 -284703.900537
c2443.xyz -3838053.85005 -3553226.6912 -284711.013366
c776.xyz -3838067.88753 -3553240.03364 -284708.968965
c3754.xyz -3838093.94377 -3553260.77982 -284711.405805
c1807.xyz -3838080.62633 -3553244.65712 -284717.198464
c8.xyz -3838095.50868 -3553269.42253 -284700.668557
c3526.xyz -3838100.40949 -3553259.42559 -284713.050571
c3443.xyz -3838074.42841 -3553250.91022 -284702.838573
c2407.xyz -3838066.2325 -3553233.05523 -284718.750746
c1844.xyz -3838110.81749 -3553281.29701 -284702.817225
c3552.xyz -3838097.93882 -3553274.22271 -284707.431723
c2968.xyz -3838099.80853 -3553275.4963 -284700.692342
c1310.xyz -3838096.27608 -3553257.1693 -284711.216659
c2547.xyz -3838090.96486 -3553261.544 -284708.783465
c3383.xyz -3838104.25101 -3553275.2925 -284703.577676
c3045.xyz -3838099.65703 -3553253.26811 -284710.215735
c816.xyz -3838069.4552 -3553230.22036 -284712.046513
c253.xyz -3838096.76725 -3553258.67981 -284705.932157
c1079.xyz -3838074.80695 -3553240.95931 -284706.057601
c1761.xyz -3838059.66707 -3553236.92293 -284695.79488
c2943.xyz -3838068.12172 -3553240.29069 -284697.010285
c3232.xyz -3838059.54989 -3553234.46558 -284702.964272
c3198.xyz -3838118.48487 -3553274.42708 -284711.439465
c1582.xyz -3838092.92078 -3553270.92738 -284703.164915
c1177.xyz -3838096.8199 -3553262.27776 -284709.609179
c1051.xyz -3838094.79646 -3553261.07005 -284711.049688
c2177.xyz -3838100.31533 -3553265.21714 -284704.142002
c468.xyz -3838093.06997 -3553253.08001 -284702.738426
c1393.xyz -3838041.143 -3553231.96192 -284702.028403
c3181.xyz -3838088.49436 -3553246.19869 -284696.163865
c1685.xyz -3838123.23072 -3553294.4704 -284705.610813
c2144.xyz -3838098.7579 -3553245.55875 -284709.223949
c2429.xyz -3838083.04573 -3553244.36458 -284704.111555
c2971.xyz -3838087.24189 -3553242.13409 -284707.529893
c3264.xyz -3838056.15385 -3553238.83794 -284705.672842
c1829.xyz -3838063.41395 -3553244.33463 -284706.873023
c1527.xyz -3838104.53656 -3553286.11398 -284700.922698
c1263.xyz -3838067.58987 -3553225.86522 -284705.813766
c1554.xyz -3838051.67019 -3553226.30708 -284688.472018
c2053.xyz -3838084.42132 -3553246.7231 -284706.875224
c2898.xyz -3838075.14854 -3553240.65392 -284699.722178
c1234.xyz -3838063.9086 -3553231.20524 -284701.464364
c2956.xyz -3838083.27173 -3553247.14442 -284701.310927
c3419.xyz -3838091.11595 -3553248.00111 -284706.253179
c396.xyz -3838068.39332 -3553248.67764 -284691.690557
c3453.xyz -3838080.49725 -3553253.14321 -284706.810465
c3331.xyz -3838065.66859 -3553247.27139 -284698.531189
c3831.xyz -3838091.28449 -3553256.09976 -284703.262585
c3195.xyz -3838073.40191 -3553242.83977 -284694.23159
c1100.xyz -3838078.82341 -3553251.94759 -284701.361213
c2391.xyz -3838095.12003 -3553255.67747 -284709.29953
c2945.xyz -3838095.34687 -3553261.5689 -284709.650992
c2870.xyz -3838085.14725 -3553257.77445 -284697.391725
c3966.xyz -3838084.49332 -3553224.39455 -284714.682733
c3988.xyz -3838100.60678 -3553252.07349 -284708.083134
c3687.xyz -3838086.73667 -3553245.06993 -284705.159057
c303.xyz -3838075.46901 -3553238.06684 -284695.451205
c2689.xyz -3838094.54494 -3553262.85492 -284694.771421
c312.xyz -3838090.55531 -3553241.26717 -284708.240563
c3899.xyz -3838108.53949 -3553279.8272 -284706.79407
c3275.xyz -3838081.21158 -3553268.65914 -284696.360596
c2386.xyz -3838086.41141 -3553247.18612 -284708.701297
c703.xyz -3838117.24051 -3553268.61117 -284706.411801
c1773.xyz -3838089.65075 -3553245.22429 -284712.856027
c401.xyz -3838086.4756 -3553237.68251 -284714.218926
c1610.xyz -3838077.13286 -3553250.97224 -284691.119084
c1966.xyz -3838064.6362 -3553232.64105 -284704.032576
c240.xyz -3838074.04109 -3553240.21196 -284702.954249
c1822.xyz -3838080.81356 -3553248.09799 -284706.611557
c692.xyz -3838084.2637 -3553239.82208 -284709.33892
c3022.xyz -3838101.31387 -3553271.04737 -284712.837392
c2319.xyz -3838091.62128 -3553249.38606 -284707.896841
c695.xyz -3838090.49136 -3553270.68398 -284708.555834
c2882.xyz -3838057.65465 -3553229.83817 -284699.292836
c3231.xyz -3838094.2709 -3553254.79126 -284709.054327
c1334.xyz -3838106.53481 -3553265.78248 -284700.524293
c3277.xyz -3838088.94997 -3553259.18952 -284698.035712
c641.xyz -3838079.95748 -3553235.72586 -284711.145015
c3592.xyz -3838107.06798 -3553270.043 -284709.142915
c2594.xyz -3838066.00203 -3553236.57073 -284710.805498
c545.xyz -3838052.8077 -3553231.97851 -284693.521844
c2989.xyz -3838069.07899 -3553247.13071 -284706.104282
c2985.xyz -3838114.97681 -3553287.85682 -284706.991729
c2899.xyz -3838100.4119 -3553265.911 -284692.322066
c3556.xyz -3838067.69471 -3553232.11679 -284703.7289
c2459.xyz -3838095.3004 -3553261.70528 -284711.48
c147.xyz -3838102.25509 -3553261.46497 -284707.252323
c485.xyz -3838108.10949 -3553271.94175 -284717.604518
c850.xyz -3838092.89763 -3553259.41831 -284697.614195
c2259.xyz -3838094.8771 -3553275.95903 -284688.75352
c2065.xyz -3838108.29743 -3553265.8006 -284707.663972
c3496.xyz -3838080.88104 -3553252.46787 -284698.479778
c1324.xyz -3838094.43033 -3553260.37347 -284708.699703
c1899.xyz -3838103.66134 -3553269.27152 -284707.737366
c1365.xyz -3838053.17674 -3553214.40772 -284709.708132
c3702.xyz -3838100.25688 -3553262.78042 -284709.731247
c2485.xyz -3838083.87267 -3553262.87624 -284707.165084
c300.xyz -3838073.37342 -3553249.21168 -284704.048329
c1348.xyz -3838095.59441 -3553261.61886 -284700.017419
c786.xyz -3838115.66082 -3553267.26642 -284710.088275
c2867.xyz -3838082.79235 -3553256.3118 -284705.308365
c2262.xyz -3838096.83659 -3553258.2846 -284706.771773
c2711.xyz -3838079.63124 -3553235.59084 -284706.801527
c254.xyz -3838092.44877 -3553246.1223 -284702.610962
c1195.xyz -3838059.61135 -3553222.52455 -284709.397275
c636.xyz -3838132.15465 -3553292.67193 -284706.707112
c1916.xyz -3838071.13734 -3553223.09021 -284710.263561
c1336.xyz -3838097.13989 -3553260.46697 -284709.308796
c2618.xyz -3838106.6703 -3553262.49786 -284717.037972
c643.xyz -3838097.39159 -3553265.14029 -284698.222307
c2445.xyz -3838073.40635 -3553242.81726 -284707.013919
c1126.xyz -3838066.01006 -3553230.62322 -284702.62891
c3930.xyz -3838064.17764 -3553232.52255 -284708.14297
c1212.xyz -3838100.932 -3553266.50159 -284709.75598
c1273.xyz -3838082.86772 -3553239.11497 -284706.580195
c1857.xyz -3838094.09777 -3553267.35245 -284706.899203
c362.xyz -3838032.43739 -3553219.06948 -284701.816936
c1536.xyz -3838088.13713 -3553266.0315 -284699.771406
c2457.xyz -3838103.46167 -3553280.16274 -284706.836511
c2871.xyz -3838087.36006 -3553252.82173 -284709.404424
c342.xyz -3838093.19618 -3553256.77291 -284707.169467
c794.xyz -3838078.21689 -3553249.69985 -284689.84778
c2101.xyz -3838077.93262 -3553261.41961 -284702.292901
c853.xyz -3838110.2514 -3553274.16352 -284706.275644
c793.xyz -3838097.67775 -3553265.02553 -284702.89401
c721.xyz -3838076.97596 -3553245.22883 -284706.816542
c658.xyz -3838074.13235 -3553226.03333 -284708.304708
c3046.xyz -3838072.1641 -3553257.94879 -284684.614129
c1282.xyz -3838084.07044 -3553244.97479 -284700.072822
c259.xyz -3838095.15214 -3553262.36031 -284702.972534
c3030.xyz -3838118.75068 -3553278.13228 -284707.025711
c3674.xyz -3838097.80209 -3553245.75648 -284706.41061
c1108.xyz -3838076.13381 -3553247.03542 -284689.143543
c1576.xyz -3838094.23546 -3553266.33784 -284706.673042
c3995.xyz -3838108.76703 -3553282.31585 -284698.836079
c3588.xyz -3838089.16143 -3553250.69973 -284712.030637
c846.xyz -3838076.29122 -3553229.00593 -284711.025345
c2833.xyz -3838081.26171 -3553261.6367 -284694.941838
c2268.xyz -3838070.74427 -3553236.19598 -284709.809652
c2656.xyz -3838058.45297 -3553225.22855 -284710.068908
c153.xyz -3838082.77771 -3553254.71674 -284699.755072
c175.xyz -3838073.88526 -3553248.88769 -284702.518246
c2081.xyz -3838099.12793 -3553250.92747 -284711.421695
c3125.xyz -3838115.80561 -3553283.64854 -284710.324583
c2231.xyz -3838078.62298 -3553231.48359 -284715.348366
c546.xyz -3838104.01722 -3553271.96091 -284699.882188
c347.xyz -3838117.09801 -3553291.99109 -284708.569726
c1670.xyz -3838097.67607 -3553265.15738 -284709.208863
c2888.xyz -3838072.97767 -3553238.14755 -284702.461154
c494.xyz -3838109.1817 -3553276.58327 -284698.894814
c3485.xyz -3838081.69263 -3553243.00387 -284711.893265
c266.xyz -3838078.73338 -3553249.86152 -284706.040807
c653.xyz -3838072.99629 -3553225.88126 -284704.010084
c1114.xyz -3838067.20793 -3553241.5096 -284699.622283
c151.xyz -3838091.06688 -3553266.20171 -284700.637528
c2371.xyz -3838069.35862 -3553235.91029 -284699.723496
c2842.xyz -3838075.53562 -3553251.79636 -284707.56793
c2113.xyz -3838096.04591 -3553275.90933 -284694.338558
c2254.xyz -3838060.07771 -3553238.68512 -284690.778025
c1251.xyz -3838103.23711 -3553280.29353 -284700.258413
c696.xyz -3838069.54392 -3553233.55782 -284715.236014
c845.xyz -3838075.91133 -3553259.35101 -284693.953919
c2136.xyz -3838059.61916 -3553223.40103 -284707.905678
c3683.xyz -3838095.47501 -3553261.46868 -284709.275153
c1890.xyz -3838071.47282 -3553235.50348 -284701.053453
c2257.xyz -3838052.42628 -3553218.48247 -284699.771681
c1539.xyz -3838125.99625 -3553285.11267 -284711.102139
c2327.xyz -3838082.89023 -3553250.46055 -284707.16854
c2844.xyz -3838062.79189 -3553245.15064 -284686.332221
c950.xyz -3838100.39589 -3553269.24381 -284709.114533
c2194.xyz -3838078.74286 -3553252.09933 -284706.833689
c310.xyz -3838097.69554 -3553274.65613 -284700.606928
c2593.xyz -3838086.11631 -3553254.11132 -284705.411551
c411.xyz -3838092.69698 -3553264.86707 -284702.464229
c1220.xyz -3838055.55334 -3553226.53516 -284698.41532
c1422.xyz -3838123.70754 -3553274.65938 -284716.810381
c2461.xyz -3838105.49111 -3553264.69311 -284701.821474
c960.xyz -3838080.33433 -3553240.64708 -284696.605971
c3304.xyz -3838091.82432 -3553256.84157 -284702.282563
c2852.xyz -3838087.06496 -3553245.83166 -284694.537903
c2258.xyz -3838100.70374 -3553268.71822 -284703.399753
c2988.xyz -3838096.67872 -3553256.18911 -284710.774477
c1313.xyz -3838100.06665 -3553280.49449 -284705.289279
c708.xyz -3838111.72108 -3553279.94771 -284706.896312
c1731.xyz -3838076.4582 -3553250.70321 -284699.031998
c3906.xyz -3838088.93588 -3553266.89542 -284699.550971
c1987.xyz -3838116.22341 -3553267.31635 -284713.413414
c1203.xyz -3838105.91016 -3553268.87209 -284701.007266
c2420.xyz -3838084.82098 -3553260.73645 -284708.521732
c821.xyz -3838080.36379 -3553266.45358 -284705.009567
c2745.xyz -3838090.79896 -3553252.45218 -284712.041583
c1496.xyz -3838094.73446 -3553273.98472 -284701.500698
c2664.xyz -3838098.64871 -3553247.94525 -284713.793172
c231.xyz -3838077.31925 -3553239.32515 -284698.956773
c1373.xyz -3838096.55223 -3553255.56475 -284706.783063
c272.xyz -3838071.47068 -3553230.63438 -284707.056404
c1344.xyz -3838072.82518 -3553248.25635 -284700.40327
c3662.xyz -3838065.60088 -3553234.55508 -284703.016442
c2879.xyz -3838072.62465 -3553232.27325 -284707.291719
c1309.xyz -3838108.35852 -3553275.01864 -284694.456934
c1757.xyz -3838124.85742 -3553288.46689 -284704.031888
c3292.xyz -3838082.50157 -3553242.40317 -284706.998364
c3550.xyz -3838064.1976 -3553223.79169 -284713.95437
c1039.xyz -3838092.03184 -3553246.16369 -284709.572257
c2662.xyz -3838097.06063 -3553272.0241 -284702.31692
c1329.xyz -3838085.44674 -3553250.58643 -284705.484566
c3487.xyz -3838082.25409 -3553254.929 -284698.461088
c2309.xyz -3838091.17517 -3553258.54053 -284707.167421
c985.xyz -3838067.77418 -3553235.57849 -284700.804888
c2572.xyz -3838117.49735 -3553285.21807 -284704.157171
c3611.xyz -3838083.69554 -3553240.72337 -284709.715464
c2803.xyz -3838110.6249 -3553279.67293 -284703.473765
c2957.xyz -3838104.80889 -3553276.81711 -284701.695355
c3823.xyz -3838074.92907 -3553237.60285 -284701.298948
c2737.xyz -3838097.98326 -3553259.20555 -284715.066047
c289.xyz -3838073.33074 -3553240.41309 -284702.35515
c3079.xyz -3838046.70145 -3553233.06782 -284691.839573
c3902.xyz -3838098.95125 -3553259.48399 -284710.764313
c3510.xyz -3838076.03446 -3553235.49462 -284708.080508
c3853.xyz -3838067.73329 -3553228.23535 -284699.153987
c3052.xyz -3838074.62939 -3553237.47406 -284707.768475
c806.xyz -3838078.94128 -3553244.55656 -284706.977
c3184.xyz -3838087.72014 -3553254.63504 -284705.236438
c2807.xyz -3838075.6774 -3553253.01638 -284686.759503
c71.xyz -3838116.38381 -3553269.31099 -284709.223954
c3527.xyz -3838090.00218 -3553257.13603 -284711.712763
c3873.xyz -3838085.92952 -3553251.44677 -284693.802285
c3122.xyz -3838082.55788 -3553243.38358 -284706.03175
c3474.xyz -3838065.01874 -3553224.21539 -284694.62481
c1643.xyz -3838071.63673 -3553240.70256 -284700.135144
c616.xyz -3838077.27843 -3553255.83065 -284692.328668
c3799.xyz -3838066.86807 -3553242.77973 -284705.456201
c2994.xyz -3838094.20465 -3553275.8173 -284697.518683
c2740.xyz -3838096.32298 -3553265.25397 -284701.423924
c1288.xyz -3838063.61097 -3553232.72119 -284706.252896
c3559.xyz -3838075.7262 -3553234.10733 -284695.230702
c1414.xyz -3838113.27612 -3553271.63638 -284715.259497
c1043.xyz -3838092.18526 -3553260.1417 -284709.028238
c2520.xyz -3838086.36927 -3553258.8558 -284698.138528
c2731.xyz -3838100.61832 -3553258.04112 -284713.44439
c889.xyz -3838104.68181 -3553247.97709 -284714.492715
c1261.xyz -3838082.45171 -3553263.92562 -284682.19871
c2356.xyz -3838079.98625 -3553239.56146 -284712.04879
c3318.xyz -3838090.89238 -3553257.04766 -284709.480132
c1970.xyz -3838061.34399 -3553233.21993 -284705.445962
c3202.xyz -3838076.09804 -3553241.44098 -284700.829268
c2283.xyz -3838066.40585 -3553234.63561 -284708.667199
c1908.xyz -3838079.47239 -3553243.51246 -284715.362662
c3655.xyz -3838104.34843 -3553250.01272 -284710.580514
c1975.xyz -3838097.9387 -3553269.02247 -284708.94493
c2103.xyz -3838076.40954 -3553263.04814 -284694.738276
c3663.xyz -3838069.93126 -3553227.18156 -284710.873855
c541.xyz -3838093.74804 -3553253.60328 -284698.933623
c1704.xyz -3838063.24515 -3553244.10406 -284702.834193
c1864.xyz -3838108.01232 -3553279.42026 -284709.985614
c2004.xyz -3838097.08034 -3553263.80285 -284699.718714
c61.xyz -3838073.36562 -3553245.53912 -284706.254775
c683.xyz -3838098.94779 -3553253.39331 -284710.807061
c2342.xyz -3838089.74811 -3553269.42214 -284701.513579
c2070.xyz -3838108.94709 -3553275.9535 -284710.520985
c434.xyz -3838080.10819 -3553249.01659 -284704.77964
c3965.xyz -3838113.53767 -3553260.27118 -284715.360804
c930.xyz -3838118.57029 -3553286.10072 -284714.962149
c3137.xyz -3838052.87582 -3553228.29446 -284700.867862
c367.xyz -3838081.03742 -3553248.82926 -284702.075244
c1579.xyz -3838065.00539 -3553256.96525 -284690.103727
c555.xyz -3838085.24974 -3553259.95694 -284711.363916
c748.xyz -3838086.44794 -3553254.23465 -284698.246702
c3216.xyz -3838086.49073 -3553228.69688 -284711.984092
c3399.xyz -3838093.49567 -3553245.21056 -284713.400748
c3990.xyz -3838097.22279 -3553284.77287 -284692.876459
c827.xyz -3838076.96992 -3553250.24282 -284697.829483
c3671.xyz -3838077.84921 -3553245.22509 -284698.330154
c171.xyz -3838098.14304 -3553255.38196 -284703.072063
c3735.xyz -3838113.45895 -3553276.57291 -284707.390599
c30.xyz -3838092.20653 -3553260.24847 -284710.370406
c2525.xyz -3838049.22036 -3553221.20986 -284699.080137
c3806.xyz -3838077.69838 -3553246.03101 -284704.268743
c2423.xyz -3838113.24809 -3553267.0766 -284713.99164
c2934.xyz -3838106.1847 -3553271.43955 -284707.245601
c2198.xyz -3838090.0665 -3553269.82014 -284692.479902
c623.xyz -3838090.6523 -3553271.3877 -284687.951336
c2215.xyz -3838107.3329 -3553276.61969 -284706.75432
c3416.xyz -3838092.74486 -3553254.78417 -284705.119
c1883.xyz -3838059.01717 -3553234.53265 -284702.709559
c2241.xyz -3838079.85711 -3553245.07244 -284699.609214
c3015.xyz -3838103.05009 -3553266.95802 -284710.618705
c3392.xyz -3838091.88426 -3553246.42528 -284707.984748
c1843.xyz -3838104.9283 -3553261.68356 -284714.137597
c1356.xyz -3838066.44374 -3553234.63753 -284703.332618
c2317.xyz -3838115.07344 -3553267.96158 -284711.161187
c2712.xyz -3838081.18645 -3553246.25307 -284705.474136
c1558.xyz -3838109.62899 -3553273.02321 -284708.536853
c1680.xyz -3838100.47621 -3553268.13122 -284708.800139
c2755.xyz -3838080.321 -3553260.26888 -284713.0093
c849.xyz -3838081.88902 -3553239.13435 -284710.696207
c179.xyz -3838083.42671 -3553259.33611 -284697.400133
c3547.xyz -3838054.32575 -3553216.28967 -284701.950971
c1949.xyz -3838064.62865 -3553242.81959 -284704.57071
c3560.xyz -3838074.95589 -3553241.69715 -284709.853221
c2414.xyz -3838104.24502 -3553268.00937 -284705.996818
c3467.xyz -3838047.82261 -3553205.9526 -284706.850481
c2237.xyz -3838078.75942 -3553259.40165 -284695.034998
c1671.xyz -3838075.10839 -3553257.04827 -284707.016563
c1086.xyz -3838095.62906 -3553265.80607 -284705.297807
c1530.xyz -3838089.57309 -3553270.30441 -284705.47623
c3741.xyz -3838051.36222 -3553207.01739 -284703.814176
c444.xyz -3838052.6574 -3553215.56937 -284707.63562
c1105.xyz -3838071.12055 -3553243.60917 -284708.726455
c2290.xyz -3838067.17143 -3553246.04472 -284699.094359
c2969.xyz -3838074.04601 -3553255.06563 -284699.18546
c2780.xyz -3838072.26019 -3553244.05717 -284702.85979
c2519.xyz -3838076.27837 -3553235.45563 -284696.665721
c3057.xyz -3838094.05564 -3553250.88248 -284709.768627
c225.xyz -3838074.07733 -3553242.64824 -284705.893003
c973.xyz -3838079.55235 -3553250.4363 -284708.877089
c2417.xyz -3838109.88844 -3553278.52255 -284705.382308
c139.xyz -3838094.06158 -3553250.54819 -284701.303895
c1133.xyz -3838096.55916 -3553281.8884 -284697.015698
c1082.xyz -3838096.78023 -3553267.3428 -284699.536865
c1206.xyz -3838078.66359 -3553246.28001 -284709.066148
c3697.xyz -3838088.49157 -3553238.82124 -284705.906462
c612.xyz -3838088.7423 -3553248.56318 -284714.345382
c903.xyz -3838066.50666 -3553239.73755 -284699.634339
c604.xyz -3838079.93137 -3553241.26164 -284707.412384
c1341.xyz -3838061.89666 -3553238.87525 -284694.867139
c2820.xyz -3838107.17806 -3553273.84194 -284702.513835
c1165.xyz -3838090.38669 -3553248.65814 -284711.170406
c2448.xyz -3838060.20664 -3553243.3723 -284693.397985
c34.xyz -3838101.25091 -3553274.24195 -284706.954115
c1522.xyz -3838078.11966 -3553235.51541 -284708.068309
c2202.xyz -3838084.86879 -3553269.81108 -284688.652258
c1278.xyz -3838074.0864 -3553243.28983 -284701.299264
c1787.xyz -3838103.71281 -3553282.02884 -284701.786657
c900.xyz -3838096.92475 -3553265.21474 -284708.313129
c1306.xyz -3838075.7671 -3553241.39966 -284710.141513
c323.xyz -3838087.15552 -3553257.95327 -284703.792017
c598.xyz -3838071.01384 -3553241.15486 -284685.367602
c2496.xyz -3838078.33946 -3553240.5329 -284703.219909
c2335.xyz -3838102.87461 -3553263.8576 -284705.598902
c3778.xyz -3838079.40308 -3553248.09387 -284701.957265
c601.xyz -3838065.15236 -3553218.43269 -284712.976839
c2484.xyz -3838070.77423 -3553244.2025 -284693.153075
c358.xyz -3838089.55503 -3553255.80265 -284707.391654
c93.xyz -3838078.45509 -3553238.50254 -284708.506819
c3993.xyz -3838059.75894 -3553231.6003 -284694.63483
c3816.xyz -3838106.69671 -3553270.04927 -284701.077994
c1551.xyz -3838074.0932 -3553231.85874 -284706.579247
c2921.xyz -3838062.59117 -3553239.90757 -284703.294425
c2193.xyz -3838093.38168 -3553269.1479 -284695.496222
c2958.xyz -3838088.86007 -3553278.13389 -284705.260471
c199.xyz -3838116.27667 -3553275.25044 -284707.165569
c589.xyz -3838105.71547 -3553270.5381 -284700.155341
c553.xyz -3838060.45518 -3553232.11115 -284700.716777
c1651.xyz -3838095.40166 -3553252.84502 -284703.163041
c994.xyz -3838086.67525 -3553261.88868 -284704.054149
c360.xyz -3838095.81654 -3553274.0676 -284698.243975
c927.xyz -3838084.77894 -3553247.5319 -284707.418771
c228.xyz -3838055.01819 -3553235.86429 -284703.688166
c2581.xyz -3838120.50519 -3553282.06019 -284709.396661
c3900.xyz -3838085.33939 -3553270.76683 -284699.027239
c2576.xyz -3838089.27887 -3553264.5034 -284700.645173
c1974.xyz -3838112.54386 -3553269.94282 -284702.881063
c256.xyz -3838104.2507 -3553261.86223 -284708.212222
c2877.xyz -3838085.94362 -3553254.03348 -284698.650708
c2773.xyz -3838088.53824 -3553253.99085 -284712.979603
c1323.xyz -3838071.89653 -3553240.60708 -284704.539006
c176.xyz -3838095.77272 -3553261.99643 -284700.468849
c1991.xyz -3838080.03159 -3553259.4875 -284694.047133
c1241.xyz -3838103.5508 -3553269.73863 -284710.765745
c3862.xyz -3838088.09899 -3553248.4875 -284700.732249
c808.xyz -3838079.85645 -3553252.19077 -284697.966937
c1439.xyz -3838085.63196 -3553261.90537 -284697.990195
c1910.xyz -3838075.73164 -3553239.16239 -284710.403145
c3808.xyz -3838084.5871 -3553249.7716 -284698.775712
c364.xyz -3838060.69038 -3553239.92137 -284701.095604
c85.xyz -3838064.89169 -3553226.88904 -284711.999141
c1785.xyz -3838089.7367 -3553257.43602 -284706.229115
c12.xyz -3838076.52295 -3553237.3795 -284685.881329
c3446.xyz -3838086.7284 -3553258.68592 -284703.790391
c1905.xyz -3838088.59691 -3553258.82065 -284705.041282
c2504.xyz -3838067.80029 -3553234.82683 -284710.450327
c514.xyz -3838100.43562 -3553260.2824 -284712.070853
c1646.xyz -3838071.12111 -3553223.01091 -284713.419088
c359.xyz -3838062.49618 -3553234.53791 -284699.563549
c2366.xyz -3838111.71268 -3553271.58596 -284713.269053
c2639.xyz -3838090.87945 -3553258.84464 -284696.972361
c3347.xyz -3838105.73647 -3553280.96633 -284701.292705
c668.xyz -3838103.97278 -3553260.24251 -284705.45185
c961.xyz -3838113.95033 -3553268.79365 -284711.738616
c3161.xyz -3838099.90667 -3553254.88945 -284709.039277
c3739.xyz -3838136.10408 -3553284.30556 -284708.143035
c3732.xyz -3838043.962 -3553233.02671 -284691.814887
c544.xyz -3838101.43916 -3553267.38181 -284704.961609
c1343.xyz -3838112.96887 -3553276.07785 -284704.133096
c1022.xyz -3838083.3151 -3553232.39582 -284701.443172
c2672.xyz -3838091.67499 -3553251.29054 -284699.765954
c2341.xyz -3838077.29533 -3553245.95592 -284711.200884
c1742.xyz -3838108.9867 -3553277.14821 -284699.142068
c3848.xyz -3838116.70834 -3553281.04935 -284703.665112
c3270.xyz -3838061.40082 -3553228.98762 -284707.77095
c3349.xyz -3838047.39202 -3553240.40066 -284688.019717
c3812.xyz -3838077.47451 -3553244.2908 -284696.188843
c3595.xyz -3838123.03292 -3553290.4071 -284702.90681
c3225.xyz -3838097.07377 -3553269.38167 -284706.841439
c967.xyz -3838089.05 -3553265.83738 -284709.857365
c3312.xyz -3838027.45216 -3553203.53775 -284691.223577
c1879.xyz -3838115.37578 -3553276.73072 -284710.879626
c436.xyz -3838066.79744 -3553241.69374 -284701.265762
c2550.xyz -3838092.22377 -3553255.2677 -284709.89461
c2211.xyz -3838084.48126 -3553274.56552 -284683.309131
c3408.xyz -3838104.38639 -3553272.89971 -284696.727633
c2630.xyz -3838081.62306 -3553253.44989 -284700.009866
c3348.xyz -3838087.65759 -3553261.55979 -284702.564066
c1151.xyz -3838090.51705 -3553274.08372 -284688.107541
c3760.xyz -3838081.91839 -3553251.08554 -284695.69874
c3362.xyz -3838061.84169 -3553234.1342 -284695.736541
c1686.xyz -3838091.15182 -3553261.59863 -284706.315333
c2724.xyz -3838104.41723 -3553264.28357 -284702.09949
c987.xyz -3838068.13652 -3553223.66321 -284715.491925
c3186.xyz -3838089.11809 -3553253.27475 -284693.948117
c3414.xyz -3838084.04017 -3553259.64539 -284699.431332
c149.xyz -3838090.20864 -3553265.00609 -284699.872325
c2214.xyz -3838097.39753 -3553273.03654 -284708.821694
c2648.xyz -3838106.65224 -3553291.18362 -284701.898786
c1735.xyz -3838103.29805 -3553258.07206 -284711.13423
c817.xyz -3838069.24232 -3553228.63404 -284705.310022
c1866.xyz -3838106.13257 -3553255.16471 -284716.068909
c1708.xyz -3838102.13691 -3553262.73809 -284713.097265
c2185.xyz -3838074.43583 -3553253.67406 -284691.671159
c3803.xyz -3838092.28047 -3553246.50109 -284707.550594
c49.xyz -3838070.20255 -3553251.84011 -284702.601706
c945.xyz -3838069.27957 -3553248.03473 -284703.38242
c1630.xyz -3838108.57469 -3553281.1909 -284705.93293
c2432.xyz -3838079.63692 -3553232.95626 -284714.329226
c1880.xyz -3838094.19715 -3553256.59004 -284710.199412
c3530.xyz -3838073.84129 -3553235.8004 -284698.073486
c2660.xyz -3838091.18837 -3553253.4119 -284701.99654
c1416.xyz -3838078.74236 -3553234.5033 -284705.673036
c746.xyz -3838082.48244 -3553259.99084 -284694.472264
c1783.xyz -3838067.45026 -3553227.81525 -284702.336451
c2816.xyz -3838073.18757 -3553240.92596 -284710.561604
c2382.xyz -3838076.58455 -3553241.58385 -284705.026429
c2802.xyz -3838069.33351 -3553238.74807 -284696.605627
c1252.xyz -3838049.27694 -3553228.56247 -284692.529061
c1185.xyz -3838084.4021 -3553248.73293 -284709.64587
c3097.xyz -3838088.14712 -3553268.00933 -284698.993455
c452.xyz -3838075.04263 -3553251.07145 -284700.912944
c1267.xyz -3838093.10585 -3553252.45652 -284713.140118
c428.xyz -3838090.87196 -3553258.77389 -284704.875395
c763.xyz -3838112.761 -3553279.98977 -284714.946943
c1260.xyz -3838098.44181 -3553265.62447 -284703.622088
c3553.xyz -3838079.86692 -3553227.50357 -284710.848702
c3409.xyz -3838090.96822 -3553263.09374 -284709.502796
c3107.xyz -3838067.60955 -3553231.96123 -284690.117901
c2315.xyz -3838072.5147 -3553247.66227 -284696.312751
c155.xyz -3838081.6479 -3553241.57666 -284711.851287
c819.xyz -3838099.53565 -3553266.81385 -284707.543034
c2569.xyz -3838096.52882 -3553257.84719 -284713.378559
c1030.xyz -3838059.27509 -3553236.44099 -284708.207288
c3872.xyz -3838098.50807 -3553267.09622 -284713.481736
c1770.xyz -3838098.0354 -3553272.66927 -284709.941038
c2554.xyz -3838091.48379 -3553246.41278 -284709.801936
c3932.xyz -3838103.89816 -3553279.84077 -284715.091133
c1468.xyz -3838090.26612 -3553237.66344 -284694.356817
c3083.xyz -3838075.68264 -3553236.0749 -284706.359221
c2580.xyz -3838080.70375 -3553261.75681 -284703.434901
c1240.xyz -3838087.55524 -3553252.38982 -284707.462198
c2357.xyz -3838086.04091 -3553247.84789 -284704.650281
c3196.xyz -3838067.88937 -3553242.0743 -284692.473966
c3472.xyz -3838086.73151 -3553247.59455 -284706.663801
c3372.xyz -3838075.64231 -3553247.85075 -284706.805557
c3955.xyz -3838077.85402 -3553249.42173 -284703.073834
c953.xyz -3838108.02287 -3553267.31725 -284710.73709
c3150.xyz -3838091.31635 -3553258.18147 -284712.316105
c3921.xyz -3838098.26969 -3553255.90893 -284710.313317
c2615.xyz -3838078.18197 -3553236.69848 -284706.109427
c3113.xyz -3838072.32045 -3553252.24109 -284698.548628
c1399.xyz -3838084.48214 -3553261.22456 -284707.729143
c1614.xyz -3838082.68964 -3553240.02279 -284705.301044
c3971.xyz -3838112.89021 -3553266.16403 -284712.730999
c3220.xyz -3838071.50586 -3553239.72232 -284710.375154
c2661.xyz -3838119.01487 -3553275.75955 -284714.850164
c3651.xyz -3838107.04793 -3553262.1711 -284709.393299
c1906.xyz -3838083.83504 -3553243.81046 -284705.807635
c3375.xyz -3838052.54191 -3553255.02998 -284679.055625
c863.xyz -3838113.3052 -3553279.64329 -284711.233348
c461.xyz -3838106.32615 -3553259.02753 -284708.388722
c550.xyz -3838060.074 -3553227.39507 -284699.186544
c2119.xyz -3838055.27963 -3553222.74824 -284708.327943
c2756.xyz -3838091.25324 -3553246.84993 -284707.203186
c99.xyz -3838102.67779 -3553267.69366 -284709.96435
c2529.xyz -3838094.24138 -3553255.88473 -284707.132027
c2057.xyz -3838087.40169 -3553243.20135 -284711.626657
c2781.xyz -3838098.38567 -3553269.94551 -284710.304647
c1286.xyz -3838090.75908 -3553254.58737 -284702.649006
c1460.xyz -3838076.91195 -3553251.19064 -284697.984231
c2772.xyz -3838124.55551 -3553275.66772 -284716.399566
c2935.xyz -3838093.59805 -3553241.88074 -284711.573032
c2982.xyz -3838092.29825 -3553253.80026 -284701.125037
c732.xyz -3838090.70569 -3553254.15067 -284705.911424
c16.xyz -3838094.49518 -3553248.36903 -284705.726248
c168.xyz -3838077.44458 -3553232.08046 -284711.104217
c2463.xyz -3838067.42005 -3553250.22539 -284687.708846
c2897.xyz -3838084.29569 -3553266.03599 -284701.456715
c403.xyz -3838106.89699 -3553274.44351 -284714.880359
c993.xyz -3838093.30325 -3553273.06993 -284699.10613
c2182.xyz -3838090.96216 -3553249.58584 -284710.835645
c720.xyz -3838077.29748 -3553235.98182 -284700.867551
c2036.xyz -3838073.00555 -3553261.80135 -284683.755818
c876.xyz -3838116.30398 -3553280.74567 -284708.326627
c3573.xyz -3838067.23961 -3553247.28826 -284697.395684
c3170.xyz -3838093.52936 -3553252.04174 -284706.435637
c430.xyz -3838117.00918 -3553292.0659 -284706.192102
c3640.xyz -3838071.38215 -3553223.49377 -284712.347814
c2038.xyz -3838042.79121 -3553221.12656 -284693.471003
c3451.xyz -3838074.64052 -3553252.07842 -284698.164098
c3566.xyz -3838100.92812 -3553260.83707 -284703.178224
c2062.xyz -3838076.94363 -3553236.69608 -284710.626062
c1158.xyz -3838077.45312 -3553234.96292 -284703.001833
c2623.xyz -3838079.8349 -3553233.1473 -284693.842052
c375.xyz -3838094.603 -3553252.83971 -284704.223392
c3749.xyz -3838079.14275 -3553243.87324 -284707.616504
c3367.xyz -3838096.88134 -3553269.13948 -284696.399803
c2719.xyz -3838072.03419 -3553250.78293 -284692.999434
c2294.xyz -3838087.15133 -3553247.28711 -284704.877863
c2090.xyz -3838090.53097 -3553263.80796 -284709.538229
c1294.xyz -3838078.40701 -3553260.665 -284681.683749
c2011.xyz -3838088.88522 -3553249.33875 -284701.432506
c556.xyz -3838107.59011 -3553289.20236 -284698.401603
c1557.xyz -3838103.64123 -3553265.46181 -284700.586537
c3026.xyz -3838094.59942 -3553268.03961 -284708.307397
c1019.xyz -3838079.87005 -3553261.73511 -284699.419642
c2977.xyz -3838055.89563 -3553226.27556 -284697.932453
c2107.xyz -3838074.4404 -3553224.99545 -284708.801805
c2045.xyz -3838072.80385 -3553244.9634 -284696.94532
c1560.xyz -3838068.74067 -3553225.86371 -284706.856626
c2825.xyz -3838096.75211 -3553253.01901 -284709.09126
c1929.xyz -3838071.01933 -3553240.62291 -284693.603784
c2528.xyz -3838104.6792 -3553280.15637 -284695.143642
c2469.xyz -3838106.29727 -3553262.77032 -284710.612713
c3567.xyz -3838067.17339 -3553244.81423 -284710.44801
c757.xyz -3838089.64909 -3553262.84225 -284697.350796
c3641.xyz -3838077.53069 -3553245.9172 -284709.810176
c3210.xyz -3838085.15429 -3553249.15269 -284709.38698
c2221.xyz -3838075.91394 -3553247.62236 -284707.73432
c1303.xyz -3838089.31162 -3553260.49334 -284706.202014
c3757.xyz -3838075.21768 -3553248.38956 -284705.689002
c536.xyz -3838117.94503 -3553281.46472 -284704.089016
c3743.xyz -3838082.50074 -3553238.95436 -284701.266736
c2475.xyz -3838091.16022 -3553266.23692 -284707.943643
c1396.xyz -3838083.84268 -3553256.31207 -284700.912712
c3488.xyz -3838045.07838 -3553225.82705 -284695.358433
c3460.xyz -3838106.25135 -3553285.6332 -284707.924637
c262.xyz -3838092.5938 -3553265.46525 -284707.7154
c1438.xyz -3838064.56641 -3553250.47971 -284691.137946
c137.xyz -3838061.40385 -3553231.67605 -284709.153538
c2733.xyz -3838072.10023 -3553253.0439 -284695.536782
c441.xyz -3838075.29096 -3553236.69542 -284702.574673
c706.xyz -3838100.0888 -3553269.96608 -284695.929674
c2222.xyz -3838067.50425 -3553237.62723 -284716.408556
c1658.xyz -3838086.12196 -3553251.28441 -284708.036305
c3360.xyz -3838083.67957 -3553242.54873 -284699.863672
c249.xyz -3838045.65823 -3553209.41122 -284704.220202
c881.xyz -3838091.75811 -3553247.30953 -284708.859561
c2707.xyz -3838081.19415 -3553269.64672 -284691.264966
c1676.xyz -3838079.04726 -3553258.5694 -284701.070661
c2091.xyz -3838045.9252 -3553219.55286 -284703.029607
c2186.xyz -3838103.85325 -3553280.66966 -284706.622882
c143.xyz -3838070.20961 -3553232.30862 -284679.661419
c2804.xyz -3838065.28159 -3553246.63792 -284711.351721
c47.xyz -3838096.92222 -3553257.82952 -284713.380551
c2083.xyz -3838101.87042 -3553277.17438 -284700.28768
c884.xyz -3838074.0038 -3553229.53148 -284721.270204
c627.xyz -3838087.57403 -3553244.06999 -284717.096335
c1052.xyz -3838079.81957 -3553245.70176 -284711.425554
c1397.xyz -3838105.32386 -3553270.158 -284703.435019
c3457.xyz -3838099.46543 -3553262.35663 -284709.075448
c1816.xyz -3838115.0683 -3553271.07899 -284707.927928
c2285.xyz -3838106.75911 -3553256.8427 -284708.819915
c1850.xyz -3838090.97466 -3553254.1945 -284707.31651
c3830.xyz -3838088.98235 -3553257.40242 -284700.188118
c180.xyz -3838099.9216 -3553285.7612 -284687.312186
c2020.xyz -3838072.17832 -3553244.37714 -284702.5629
c2030.xyz -3838046.3484 -3553220.57255 -284696.958673
c2375.xyz -3838091.27204 -3553258.33887 -284710.231099
c1739.xyz -3838108.65252 -3553272.49948 -284703.82909
c3103.xyz -3838112.79375 -3553274.48016 -284710.841406
