c419.xyz -2559468.46801 -2274646.75401 -284703.446075
c594.xyz -2559461.04118 -2274626.00808 -284713.782046
c2691.xyz -2559476.34536 -2274632.629 -284702.772798
c2936.xyz -2559484.15211 -2274643.73463 -284704.744402
c3820.xyz -2559499.74672 -2274648.98798 -284712.013295
c2534.xyz -2559494.45545 -2274660.99244 -284698.474259
c3945.xyz -2559488.29228 -2274640.98471 -284709.854568
c510.xyz -2559484.39495 -2274647.42418 -284702.952085
c1683.xyz -2559485.00379 -2274653.21346 -284694.526727
c174.xyz -2559469.79703 -2274629.38445 -284703.46219
c1976.xyz -2559480.68552 -2274637.9986 -284708.259379
c3933.xyz -2559517.24728 -2274678.58304 -284707.289842
c2114.xyz -2559462.34006 -2274632.64949 -284698.221963
c2734.xyz -2559449.68401 -2274618.2179 -284698.60512
c393.xyz -2559490.11948 -2274641.82475 -284709.145139
c645.xyz -2559474.76201 -2274650.8039 -284700.249829
c1481.xyz -2559510.56388 -2274669.68735 -284711.430471
c3672.xyz -2559420.95353 -2274616.14107 -284706.073599
c3144.xyz -2559471.09406 -2274634.67797 -284704.345512
c3953.xyz -2559531.74844 -2274693.77015 -284705.768154
c24.xyz -2559496.3673 -2274647.71996 -284706.022954
c2798.xyz -2559460.05903 -2274599.78681 -284706.974431
c2019.xyz -2559462.49019 -2274620.67973 -284705.449851
c2050.xyz -2559490.20422 -2274652.46904 -284705.450572
c1023.xyz -2559509.54109 -2274669.35476 -284710.710357
c467.xyz -2559488.92494 -2274674.32963 -284707.898187
c2542.xyz -2559469.34304 -2274639.14902 -284705.296692
c3960.xyz -2559465.33153 -2274620.54653 -284710.638233
c247.xyz -2559432.48296 -2274591.88317 -284709.332801
c1995.xyz -2559471.81799 -2274643.44342 -284704.425278
c3151.xyz -2559462.51889 -2274641.35438 -284691.255427
c177.xyz -2559527.36075 -2274689.69752 -284711.366213
c810.xyz -2559472.747 -2274647.15168 -284698.906143
c1529.xyz -2559492.46487 -2274650.58273 -284708.594852
c606.xyz -2559479.32592 -2274626.76632 -284701.9593
c2148.xyz -2559508.68633 -2274644.0847 -284712.050062
c3345.xyz -2559482.17191 -2274649.61407 -284702.962889
c361.xyz -2559468.91737 -2274626.09189 -284714.472823
c3867.xyz -2559460.17632 -2274618.10637 -284712.425628
c3001.xyz -2559506.07638 -2274691.51381 -284690.321452
c3396.xyz -2559487.68932 -2274658.198 -284703.327397
c1723.xyz -2559476.70595 -2274633.61174 -284699.790245
c495.xyz -2559523.63486 -2274654.35477 -284717.310554
c3313.xyz -2559465.38692 -2274648.82357 -284700.410001
c1179.xyz -2559480.00689 -2274663.0359 -284692.140389
c3285.xyz -2559512.42637 -2274698.54693 -284695.2273
c3114.xyz -2559471.95613 -2274630.82148 -284709.938134
c3033.xyz -2559492.22201 -2274625.18731 -284714.328829
c194.xyz -2559501.58628 -2274662.8934 -284717.623263
c3365.xyz -2559495.89833 -2274674.32727 -284706.677871
c2695.xyz -2559498.78267 -2274661.01191 -284710.764183
c2509.xyz -2559493.47801 -2274664.24219 -284706.692192
c3838.xyz -2559503.36143 -2274675.99943 -284700.510663
c3047.xyz -2559454.51216 -2274625.81507 -284704.733393
c3499.xyz -2559462.80129 -2274618.5143 -284713.10365
c605.xyz -2559484.64222 -2274632.43728 -284709.51977
c2012.xyz -2559466.96845 -2274629.1598 -284696.588976
c1498.xyz -2559460.46131 -2274637.44836 -284705.559666
c3418.xyz -2559455.39857 -2274628.31419 -284707.446805
c329.xyz -2559477.68852 -2274641.49151 -284710.502699
c3407.xyz -2559441.6759 -2274606.13533 -284691.757978
c1532.xyz -2559504.7369 -2274675.11016 -284710.332917
c2708.xyz -2559517.49905 -2274685.54508 -284711.413048
c1647.xyz -2559479.46068 -2274667.97177 -284701.984749
c304.xyz -2559465.52946 -2274615.21592 -284700.508507
c3302.xyz -2559501.68607 -2274656.96189 -284705.668453
c2280.xyz -2559455.47185 -2274618.86003 -284712.141714
c1028.xyz -2559493.12154 -2274665.69209 -284697.739396
c910.xyz -2559430.28277 -2274615.8338 -284698.774844
c859.xyz -2559480.54709 -2274642.64478 -284709.501825
c3361.xyz -2559509.90065 -2274658.02957 -284694.758415
c2786.xyz -2559493.96824 -2274661.79304 -284702.541924
c1411.xyz -2559463.4067 -2274622.23745 -284714.920452
c1085.xyz -2559458.45207 -2274602.98566 -284710.0187
c3656.xyz -2559480.6556 -2274642.18885 -284702.097293
c726.xyz -2559464.47536 -2274625.67307 -284705.281426
c1424.xyz -2559491.39954 -2274640.53802 -284709.618224
c1413.xyz -2559452.98762 -2274648.6873 -284705.533275
c1044.xyz -2559458.57108 -2274641.46081 -284695.12376
c2406.xyz -2559481.49472 -2274660.36746 -284694.930833
c2110.xyz -2559466.75502 -2274634.91658 -284707.047158
c3178.xyz -2559474.13831 -2274655.47684 -284697.722295
c3619.xyz -2559504.39904 -2274666.79511 -284701.45749
c1217.xyz -2559488.913 -2274652.78722 -284704.99996
c2174.xyz -2559479.65201 -2274666.53805 -284709.795954
c1695.xyz -2559505.27595 -2274677.8371 -284702.331957
c1813.xyz -2559483.84661 -2274642.78474 -284704.431363
c666.xyz -2559476.78769 -2274653.10241 -284709.636125
c2436.xyz -2559471.30396 -2274649.67301 -284706.504459
c1653.xyz -2559476.36694 -2274663.52371 -284707.309144
c952.xyz -2559463.00965 -2274630.49338 -284697.827817
c2320.xyz -2559490.06535 -2274661.33353 -284704.943542
c919.xyz -2559454.40739 -2274621.24464 -284697.001032
c2044.xyz -2559490.12429 -2274649.0798 -284695.451253
c780.xyz -2559471.53534 -2274663.73742 -284701.817184
c1909.xyz -2559498.62665 -2274660.23204 -284693.897258
c3612.xyz -2559472.05155 -2274675.63533 -284671.47352
c241.xyz -2559446.85377 -2274617.68014 -284691.190742
c2616.xyz -2559486.2508 -2274646.45363 -284700.086555
c3737.xyz -2559504.75831 -2274662.60386 -284712.292321
c3682.xyz -2559473.25791 -2274637.60869 -284700.619595
c2650.xyz -2559489.93526 -2274641.15645 -284708.445238
c58.xyz -2559479.87082 -2274666.24333 -284715.095312
c1502.xyz -2559472.19266 -2274651.13695 -284699.087457
c2930.xyz -2559491.52531 -2274652.85225 -284701.374131
c2147.xyz -2559475.22015 -2274645.40794 -284698.866504
c798.xyz -2559495.27826 -2274631.22519 -284709.836046
c2379.xyz -2559471.10168 -2274633.78716 -284707.227921
c3410.xyz -2559473.53017 -2274635.75335 -284709.327033
c1259.xyz -2559470.02525 -2274642.24866 -284697.358626
c1852.xyz -2559464.53748 -2274653.7112 -284700.971117
c2905.xyz -2559509.88695 -2274661.11942 -284712.681594
c1939.xyz -2559474.20462 -2274625.84139 -284707.44428
c941.xyz -2559510.0264 -2274648.37888 -284702.790743
c3578.xyz -2559515.33833 -2274668.28288 -284706.553437
c2747.xyz -2559497.84127 -2274670.51896 -284699.245648
c3400.xyz -2559463.10977 -2274627.78139 -284717.179869
c2128.xyz -2559468.99268 -2274642.69722 -284705.567653
c2093.xyz -2559507.39307 -2274655.72148 -284711.232009
c585.xyz -2559465.13175 -2274624.08988 -284708.916773
c2253.xyz -2559476.09608 -2274648.37632 -284707.362715
c1372.xyz -2559464.00175 -2274637.94632 -284709.067392
c1345.xyz -2559489.81757 -2274661.74812 -284700.563322
c1006.xyz -2559483.51646 -2274653.55602 -284693.445432
c3801.xyz -2559475.30735 -2274628.98893 -284698.921837
c2034.xyz -2559473.62719 -2274636.49197 -284709.325161
c3518.xyz -2559523.11514 -2274675.09843 -284699.045222
c3406.xyz -2559460.39739 -2274636.86269 -284707.945906
c1542.xyz -2559486.99621 -2274665.04304 -284706.437009
c1265.xyz -2559481.82842 -2274642.21463 -284707.505719
c1272.xyz -2559495.93515 -2274643.86693 -284707.403017
c2537.xyz -2559480.43655 -2274622.8599 -284710.781361
c299.xyz -2559486.8552 -2274639.84907 -284699.623242
c2246.xyz -2559467.81235 -2274639.68881 -284708.905006
c380.xyz -2559472.4154 -2274631.15167 -284704.397953
c2370.xyz -2559492.13132 -2274623.98184 -284708.751935
c2585.xyz -2559463.37541 -2274640.92447 -284691.374601
c975.xyz -2559519.65277 -2274681.74401 -284706.923357
c1211.xyz -2559500.32829 -2274671.82407 -284697.061329
c2996.xyz -2559483.17552 -2274644.72733 -284703.972612
c165.xyz -2559482.156 -2274656.63527 -284709.905966
c3920.xyz -2559496.44492 -2274658.2112 -284709.14356
c478.xyz -2559497.90271 -2274685.63039 -284705.709038
c2549.xyz -2559473.90778 -2274644.50481 -284696.518131
c3340.xyz -2559481.11533 -2274669.97009 -284698.254639
c3447.xyz -2559487.0038 -2274649.62429 -284713.593203
c2911.xyz -2559453.46621 -2274626.82013 -284692.891746
c2995.xyz -2559463.46824 -2274622.70133 -284701.998732
c1003.xyz -2559488.04489 -2274667.67512 -284696.764446
c3159.xyz -2559498.3796 -2274664.40769 -284703.877616
c2538.xyz -2559487.0603 -2274637.98221 -284701.484759
c2183.xyz -2559484.79013 -2274641.08281 -284702.216188
c933.xyz -2559465.52802 -2274638.9536 -284687.35176
c3173.xyz -2559445.26284 -2274610.89085 -284701.372175
c1836.xyz -2559428.26019 -2274601.50996 -284704.875189
c389.xyz -2559485.36501 -2274655.24673 -284709.150875
c1600.xyz -2559472.86077 -2274659.81546 -284703.056805
c3208.xyz -2559489.59747 -2274663.06754 -284708.138444
c319.xyz -2559498.49602 -2274665.96154 -284708.013403
c18.xyz -2559449.48926 -2274623.93097 -284688.694487
c1401.xyz -2559469.5051 -2274629.03276 -284703.408708
c2941.xyz -2559482.37918 -2274642.75104 -284696.815575
c3011.xyz -2559500.6773 -2274653.81297 -284704.742146
c599.xyz -2559434.19801 -2274622.02441 -284702.464189
c2992.xyz -2559455.02427 -2274609.44498 -284697.427847
c2893.xyz -2559515.272 -2274678.34779 -284703.276856
c3587.xyz -2559486.41959 -2274659.24433 -284712.013838
c2651.xyz -2559504.63504 -2274646.56551 -284699.636376
c833.xyz -2559461.27886 -2274637.23419 -284703.457454
c1937.xyz -2559473.3816 -2274663.54004 -284703.654036
c178.xyz -2559516.42505 -2274670.21558 -284702.526725
c2665.xyz -2559490.97477 -2274659.51143 -284704.195419
c2334.xyz -2559472.68723 -2274625.43659 -284711.276465
c1183.xyz -2559491.15426 -2274640.81208 -284716.766476
c1433.xyz -2559437.64573 -2274635.46066 -284698.056576
c2307.xyz -2559485.89156 -2274633.97053 -284709.125683
c660.xyz -2559478.18502 -2274643.07223 -284698.685179
c293.xyz -2559460.11054 -2274641.91661 -284701.745516
c1725.xyz -2559457.30455 -2274639.18337 -284703.367935
c3598.xyz -2559470.65643 -2274649.6969 -284712.873592
c751.xyz -2559487.75874 -2274649.8239 -284692.53561
c136.xyz -2559435.56238 -2274601.35148 -284705.837183
c1553.xyz -2559488.4235 -2274649.13125 -284694.850938
c1417.xyz -2559501.86403 -2274668.35825 -284710.882436
c2685.xyz -2559433.00362 -2274608.29985 -284708.982949
c2530.xyz -2559509.54545 -2274660.29394 -284701.337151
c3254.xyz -2559479.97054 -2274657.21866 -284690.195255
c3563.xyz -2559463.24647 -2274623.78108 -284709.487755
c2112.xyz -2559460.94442 -2274639.37032 -284705.125991
c2470.xyz -2559484.20313 -2274659.92079 -284710.205101
c1546.xyz -2559477.92428 -2274644.7406 -284706.444818
c243.xyz -2559472.27016 -2274632.93345 -284700.085985
c3283.xyz -2559454.14961 -2274620.71676 -284704.682585
c2021.xyz -2559455.88474 -2274644.73917 -284699.330834
c2084.xyz -2559508.98571 -2274678.41909 -284713.489227
c989.xyz -2559468.89183 -2274665.38424 -284697.407255
c1876.xyz -2559436.16065 -2274605.24734 -284700.398476
c1692.xyz -2559500.77003 -2274646.00048 -284713.229549
c3421.xyz -2559497.79075 -2274633.20624 -284708.69978
c2302.xyz -2559520.08293 -2274661.67194 -284708.123599
c3540.xyz -2559481.51642 -2274639.2616 -284708.043415
c1602.xyz -2559489.7984 -2274644.33746 -284701.553479
c724.xyz -2559440.82925 -2274619.06422 -284704.091277
c791.xyz -2559484.55681 -2274665.51668 -284705.965727
c274.xyz -2559474.10297 -2274629.38686 -284702.810245
c3949.xyz -2559438.23876 -2274590.80519 -284714.93095
c1603.xyz -2559494.75604 -2274649.269 -284715.890456
c1111.xyz -2559498.22057 -2274645.92183 -284702.513907
c3987.xyz -2559461.5322 -2274618.02889 -284698.256267
c3870.xyz -2559443.8112 -2274595.10993 -284715.508252
c3690.xyz -2559492.36417 -2274680.39889 -284707.963666
c944.xyz -2559504.43525 -2274643.37241 -284702.848777
c2571.xyz -2559498.75333 -2274671.01822 -284703.635138
c2964.xyz -2559497.95386 -2274658.16652 -284710.196329
c1305.xyz -2559470.15513 -2274642.81577 -284700.008045
c191.xyz -2559471.9586 -2274642.2563 -284703.695129
c1199.xyz -2559470.13219 -2274632.82397 -284708.603097
c966.xyz -2559485.4584 -2274648.42489 -284703.455399
c684.xyz -2559475.36647 -2274621.48651 -284710.065247
c421.xyz -2559490.4472 -2274665.13421 -284708.405941
c2843.xyz -2559456.77842 -2274631.32533 -284691.354236
c26.xyz -2559462.96529 -2274636.40416 -284697.87313
c1533.xyz -2559478.60059 -2274666.21168 -284708.709707
c431.xyz -2559502.64603 -2274682.59677 -284696.945647
c2261.xyz -2559417.69817 -2274600.46221 -284692.681717
c3620.xyz -2559492.93724 -2274657.54974 -284710.939272
c1596.xyz -2559435.06139 -2274622.82896 -284713.401503
c3654.xyz -2559486.76943 -2274656.63254 -284705.383558
c2046.xyz -2559432.95123 -2274609.70115 -284712.073759
c2592.xyz -2559457.6347 -2274604.60523 -284709.218951
c584.xyz -2559491.01295 -2274654.12868 -284707.937796
c3229.xyz -2559481.9403 -2274628.59034 -284709.144718
c1620.xyz -2559497.28506 -2274644.05996 -284703.378721
c772.xyz -2559478.97474 -2274661.92924 -284708.858465
c2010.xyz -2559480.206 -2274621.11527 -284708.564426
c3686.xyz -2559433.08648 -2274630.35469 -284693.931471
c2199.xyz -2559468.88878 -2274629.51004 -284709.297699
c1828.xyz -2559476.43281 -2274653.3239 -284703.216234
c2694.xyz -2559493.82369 -2274662.2332 -284708.017119
c909.xyz -2559447.70452 -2274628.51324 -284692.686473
c3775.xyz -2559495.59481 -2274664.34469 -284705.130167
c2875.xyz -2559470.69857 -2274637.99772 -284703.03785
c3286.xyz -2559464.59383 -2274647.32745 -284701.52146
c3837.xyz -2559521.20334 -2274678.5737 -284713.829821
c3832.xyz -2559466.22763 -2274633.59207 -284709.119576
c3393.xyz -2559464.9843 -2274631.23196 -284715.770801
c1597.xyz -2559495.36363 -2274626.6909 -284711.803226
c2785.xyz -2559473.36858 -2274635.51686 -284705.479525
c2952.xyz -2559485.71447 -2274653.8776 -284710.074435
c1644.xyz -2559489.13771 -2274670.85243 -284701.258164
c3575.xyz -2559487.96748 -2274671.28984 -284704.288382
c764.xyz -2559519.54302 -2274683.20403 -284702.832115
c1859.xyz -2559453.65955 -2274596.56524 -284710.867248
c1615.xyz -2559510.57559 -2274691.45256 -284699.327184
c3454.xyz -2559450.77934 -2274641.68965 -284705.815781
c3521.xyz -2559467.04569 -2274641.84089 -284697.116407
c3984.xyz -2559419.60368 -2274575.92553 -284702.023302
c3535.xyz -2559511.94015 -2274677.95987 -284715.503574
c3751.xyz -2559476.00186 -2274630.56978 -284713.549035
c40.xyz -2559447.13887 -2274610.94602 -284704.807644
c2544.xyz -2559502.40487 -2274673.24544 -284700.250317
c3066.xyz -2559441.71737 -2274621.82468 -284707.143583
c1569.xyz -2559447.29376 -2274600.83013 -284694.368911
c316.xyz -2559484.86211 -2274657.48523 -284702.80684
c2742.xyz -2559468.7428 -2274617.85612 -284703.16525
c3627.xyz -2559461.53871 -2274632.11767 -284703.422004
c1444.xyz -2559488.99303 -2274660.70709 -284711.465005
c112.xyz -2559456.21705 -2274609.08828 -284699.150287
c3994.xyz -2559471.10715 -2274630.92662 -284716.117958
c1367.xyz -2559454.31693 -2274613.61212 -284710.87807
c2627.xyz -2559471.10632 -2274652.46068 -284701.537101
c1774.xyz -2559452.02324 -2274583.65565 -284711.271862
c2917.xyz -2559489.11856 -2274647.73817 -284697.012553
c2184.xyz -2559473.61898 -2274650.39282 -284705.449314
c3847.xyz -2559454.55517 -2274608.3851 -284709.428703
c3469.xyz -2559461.25752 -2274631.01733 -284709.825692
c1244.xyz -2559484.70398 -2274652.5409 -284713.809013
c3626.xyz -2559458.93947 -2274632.1272 -284696.295959
c2433.xyz -2559459.73853 -2274635.60503 -284710.655944
c3668.xyz -2559475.57895 -2274641.85436 -284710.816546
c1780.xyz -2559488.75851 -2274659.04912 -284691.080592
c667.xyz -2559507.07811 -2274678.61178 -284702.962962
c405.xyz -2559466.40811 -2274640.28797 -284700.384819
c1786.xyz -2559501.53068 -2274651.59842 -284701.213464
c3007.xyz -2559466.49242 -2274618.85773 -284711.503802
c1617.xyz -2559488.70252 -2274662.64517 -284703.036533
c997.xyz -2559510.87263 -2274672.55314 -284695.825654
c877.xyz -2559460.81528 -2274622.66518 -284708.558858
c2861.xyz -2559460.14888 -2274633.62202 -284703.724631
c2297.xyz -2559485.9565 -2274666.0981 -284695.468225
c3649.xyz -2559458.77409 -2274622.56934 -284705.958842
c3502.xyz -2559458.63248 -2274631.15932 -284703.504338
c2451.xyz -2559455.18923 -2274630.98942 -284706.605796
c2620.xyz -2559475.91769 -2274632.46698 -284702.554582
c3315.xyz -2559426.58606 -2274628.39806 -284702.780401
c2434.xyz -2559452.57085 -2274629.08252 -284699.145361
c1339.xyz -2559488.75873 -2274673.82966 -284710.134475
c2001.xyz -2559451.86249 -2274624.91141 -284689.789904
c3019.xyz -2559459.26062 -2274629.0934 -284702.225211
c1136.xyz -2559461.03552 -2274646.20746 -284706.04846
c1198.xyz -2559459.29166 -2274634.06956 -284697.978655
c1756.xyz -2559501.54087 -2274655.17008 -284713.891764
c3958.xyz -2559475.27599 -2274638.4378 -284704.446138
c95.xyz -2559495.05365 -2274648.46075 -284710.970881
c435.xyz -2559496.83048 -2274664.99049 -284701.132964
c547.xyz -2559500.06679 -2274678.15215 -284694.480126
c3366.xyz -2559477.78345 -2274650.91273 -284701.054197
c697.xyz -2559472.04522 -2274653.33537 -284693.646774
c2828.xyz -2559476.80277 -2274642.22617 -284700.458205
c2442.xyz -2559483.03647 -2274653.40706 -284708.058984
c2700.xyz -2559489.75136 -2274640.131 -284705.156869
c3431.xyz -2559515.75689 -2274675.47376 -284706.441238
c1098.xyz -2559455.39503 -2274621.53047 -284702.647448
c1148.xyz -2559503.50332 -2274670.94039 -284708.478405
c2800.xyz -2559506.47628 -2274655.62056 -284708.143831
c1080.xyz -2559485.45758 -2274639.27145 -284694.992449
c2680.xyz -2559503.07604 -2274672.82222 -284710.415656
c170.xyz -2559484.44035 -2274667.15477 -284701.499909
c3724.xyz -2559427.82491 -2274580.59076 -284709.878384
c2901.xyz -2559481.26773 -2274646.78026 -284711.48872
c3915.xyz -2559452.37538 -2274618.94548 -284703.387952
c1748.xyz -2559488.17569 -2274667.46191 -284702.110737
c1508.xyz -2559499.40341 -2274652.40549 -284701.962685
c3532.xyz -2559467.54726 -2274637.4558 -284703.574196
c923.xyz -2559468.90799 -2274633.18598 -284700.247652
c3577.xyz -2559499.99026 -2274665.92076 -284704.59718
c91.xyz -2559486.76605 -2274645.59716 -284698.038869
c913.xyz -2559472.66459 -2274636.52263 -284699.498465
c842.xyz -2559490.69902 -2274650.66454 -284709.748319
c3209.xyz -2559478.89769 -2274640.59444 -284713.258027
c1718.xyz -2559528.5924 -2274667.34117 -284712.7948
c2329.xyz -2559462.85826 -2274629.57507 -284713.313582
c2762.xyz -2559459.11351 -2274624.41955 -284712.555041
c1483.xyz -2559483.93685 -2274649.54859 -284704.36812
c3797.xyz -2559463.70295 -2274649.74106 -284709.93681
c2599.xyz -2559462.25283 -2274648.95142 -284690.893706
c770.xyz -2559483.96201 -2274649.14867 -284704.924152
c1809.xyz -2559459.14085 -2274636.15604 -284709.005701
c317.xyz -2559497.00396 -2274654.73809 -284704.645259
c487.xyz -2559483.48337 -2274648.53276 -284702.850358
c559.xyz -2559471.05021 -2274622.38025 -284699.526509
c3860.xyz -2559474.74383 -2274637.8701 -284711.527143
c1188.xyz -2559500.10654 -2274649.29459 -284719.069554
c710.xyz -2559453.26005 -2274621.69115 -284700.817693
c2846.xyz -2559456.91678 -2274648.23618 -284701.262858
c652.xyz -2559489.40535 -2274638.90258 -284703.731036
c792.xyz -2559472.35832 -2274641.43703 -284693.466582
c2191.xyz -2559449.75537 -2274613.15188 -284708.274618
c2275.xyz -2559467.72795 -2274628.97345 -284706.259374
c1649.xyz -2559458.87387 -2274656.70085 -284698.042812
c2139.xyz -2559472.83614 -2274623.59073 -284709.122653
c3143.xyz -2559448.10769 -2274609.78344 -284699.295628
c2086.xyz -2559471.07968 -2274651.37477 -284701.025894
c1358.xyz -2559487.28903 -2274638.8167 -284706.359392
c1159.xyz -2559484.1989 -2274662.1447 -284697.031714
c639.xyz -2559480.49396 -2274638.47626 -284709.240418
c3854.xyz -2559485.22074 -2274643.49666 -284694.61346
c1448.xyz -2559473.0932 -2274637.22508 -284710.450715
c2979.xyz -2559461.5896 -2274630.43978 -284695.935351
c1369.xyz -2559476.55349 -2274635.15308 -284706.439884
c2501.xyz -2559458.42274 -2274643.46697 -284706.845911
c1518.xyz -2559482.28005 -2274648.65674 -284703.415022
c2124.xyz -2559464.3368 -2274642.02613 -284702.206476
c59.xyz -2559475.48788 -2274659.60356 -284703.350868
c2265.xyz -2559475.95077 -2274628.79716 -284707.268723
c1200.xyz -2559462.84531 -2274650.99227 -284697.109142
c1598.xyz -2559519.17476 -2274652.36145 -284710.899563
c3962.xyz -2559510.05388 -2274669.05303 -284706.554021
c3420.xyz -2559488.62721 -2274638.20558 -284712.746122
c1338.xyz -2559495.00626 -2274668.088 -284705.828641
c1173.xyz -2559461.51129 -2274629.89282 -284707.292123
c1032.xyz -2559483.60682 -2274652.79178 -284695.875796
c490.xyz -2559468.55922 -2274639.32977 -284695.776638
c2077.xyz -2559446.63883 -2274630.88048 -284701.678388
c305.xyz -2559491.71016 -2274629.55656 -284712.282431
c1337.xyz -2559495.43934 -2274680.59522 -284685.282239
c2796.xyz -2559446.28509 -2274600.1318 -284696.63569
c3554.xyz -2559522.68496 -2274682.21514 -284710.657183
c56.xyz -2559474.65388 -2274645.84651 -284711.737383
c3779.xyz -2559519.60364 -2274696.92312 -284711.569417
c328.xyz -2559489.53457 -2274636.40474 -284710.32885
c1595.xyz -2559467.06078 -2274652.89946 -284701.003488
c345.xyz -2559488.22545 -2274652.37819 -284706.742391
c2316.xyz -2559477.62664 -2274637.75068 -284706.454631
c580.xyz -2559495.67103 -2274651.32128 -284711.760165
c3723.xyz -2559445.22931 -2274617.98352 -284706.249411
c1461.xyz -2559468.33074 -2274640.97168 -284707.367646
c377.xyz -2559469.55272 -2274626.04499 -284705.574199
c1178.xyz -2559488.93566 -2274666.02506 -284708.978602
c504.xyz -2559499.56701 -2274673.82845 -284694.695092
c576.xyz -2559469.08781 -2274636.8018 -284703.792892
c1543.xyz -2559501.19439 -2274662.55258 -284707.692567
c789.xyz -2559510.283 -2274683.57966 -284700.953441
c94.xyz -2559489.56734 -2274670.99477 -284702.81096
c50.xyz -2559460.43335 -2274613.69611 -284706.023594
c1707.xyz -2559476.24713 -2274652.09594 -284710.789697
c1936.xyz -2559499.83874 -2274666.2374 -284704.648063
c3226.xyz -2559487.30318 -2274663.37684 -284695.562089
c2109.xyz -2559477.85201 -2274652.84635 -284699.442151
c2588.xyz -2559484.71104 -2274637.55939 -284710.121005
c1157.xyz -2559459.22857 -2274624.24817 -284706.844972
c2115.xyz -2559482.51485 -2274660.38306 -284705.649389
c3132.xyz -2559461.42758 -2274618.65842 -284695.947397
c3131.xyz -2559508.23983 -2274673.4579 -284708.430957
c795.xyz -2559519.95101 -2274683.4239 -284704.366959
c2476.xyz -2559471.01367 -2274643.57862 -284691.642845
c1328.xyz -2559446.77325 -2274625.8986 -284703.74079
c1449.xyz -2559470.98621 -2274632.0953 -284707.384975
c2741.xyz -2559469.08709 -2274628.20106 -284702.921225
c1516.xyz -2559499.15823 -2274664.64024 -284709.867327
c2510.xyz -2559457.07425 -2274620.02555 -284703.81503
c2497.xyz -2559469.77792 -2274655.20521 -284699.690394
c2421.xyz -2559547.08079 -2274690.50017 -284708.840984
c2443.xyz -2559501.5781 -2274664.37327 -284706.539233
c776.xyz -2559471.49924 -2274654.40062 -284705.444128
c3754.xyz -2559442.16943 -2274634.65296 -284701.350414
c1807.xyz -2559511.78609 -2274699.18482 -284700.517319
c8.xyz -2559484.74066 -2274674.90892 -284694.496072
c3526.xyz -2559470.54542 -2274632.15006 -284708.102946
c3443.xyz -2559482.27354 -2274651.56585 -284705.596454
c2407.xyz -2559465.82813 -2274635.06973 -284698.542329
c1844.xyz -2559442.2391 -2274616.39108 -284708.788372
c3552.xyz -2559461.15277 -2274631.7881 -284694.193228
c2968.xyz -2559510.49536 -2274666.71324 -284706.538631
c1310.xyz -2559498.49481 -2274668.54621 -284704.299065
c2547.xyz -2559465.56548 -2274614.81188 -284706.717714
c3383.xyz -2559508.86703 -2274671.80557 -284707.274897
c3045.xyz -2559458.72506 -2274629.01861 -284698.411386
c816.xyz -2559456.31356 -2274650.35167 -284707.803554
c253.xyz -2559436.60248 -2274602.29608 -284694.018154
c1079.xyz -2559479.97985 -2274634.71785 -284696.319107
c1761.xyz -2559485.82866 -2274642.86179 -284711.054058
c2943.xyz -2559474.67216 -2274659.89001 -284705.126016
c3232.xyz -2559491.83221 -2274653.50821 -284712.035337
c3198.xyz -2559478.67574 -2274660.38889 -284709.229098
c1582.xyz -2559474.16836 -2274659.2692 -284695.860322
c1177.xyz -2559469.19413 -2274670.92859 -284685.818944
c1051.xyz -2559477.48075 -2274638.03231 -284703.493786
c2177.xyz -2559477.88045 -2274650.12611 -284708.319127
c468.xyz -2559493.23199 -2274663.34867 -284708.9405
c1393.xyz -2559473.70135 -2274642.37612 -284697.225157
c3181.xyz -2559480.32652 -2274638.80214 -284691.1837
c1685.xyz -2559455.54026 -2274621.39046 -284708.494471
c2144.xyz -2559492.57264 -2274654.70353 -284712.429545
c2429.xyz -2559484.67755 -2274654.88012 -284706.914441
c2971.xyz -2559515.97984 -2274673.5019 -284709.711686
c3264.xyz -2559471.70326 -2274650.62471 -284702.728784
c1829.xyz -2559401.00039 -2274603.725 -284671.705113
c1527.xyz -2559473.46324 -2274648.82646 -284712.056833
c1263.xyz -2559502.5044 -2274691.72799 -284703.347085
c1554.xyz -2559484.41508 -2274653.55642 -284700.202011
c2053.xyz -2559483.13043 -2274643.74623 -284708.343467
c2898.xyz -2559486.26488 -2274666.96611 -284703.411915
c1234.xyz -2559489.84304 -2274650.00889 -284702.074796
c2956.xyz -2559482.30259 -2274623.81788 -284711.364317
c3419.xyz -2559518.38428 -2274694.41011 -284707.879643
c396.xyz -2559438.5152 -2274617.09886 -284708.965614
c3453.xyz -2559445.59737 -2274641.4229 -284707.809649
c3331.xyz -2559467.90807 -2274642.73671 -284688.280126
c3831.xyz -2559449.59228 -2274648.06523 -284690.137099
c3195.xyz -2559516.90803 -2274664.54074 -284703.45205
c1100.xyz -2559529.09117 -2274679.14419 -284715.63599
c2391.xyz -2559448.74787 -2274608.9047 -284709.72495
c2945.xyz -2559469.85625 -2274648.30973 -284699.733
c2870.xyz -2559481.62162 -2274625.49196 -284710.880537
c3966.xyz -2559459.33364 -2274631.68184 -284707.294105
c3988.xyz -2559514.9137 -2274668.36469 -284707.777997
c3687.xyz -2559467.33061 -2274647.00412 -284702.60154
c303.xyz -2559462.25848 -2274618.29575 -284709.089622
c2689.xyz -2559486.69831 -2274614.46908 -284703.071466
c312.xyz -2559473.43526 -2274652.90573 -284699.370543
c3899.xyz -2559449.76408 -2274641.16303 -284699.012362
c3275.xyz -2559469.40619 -2274637.14558 -284707.692495
c2386.xyz -2559483.71416 -2274629.65466 -284708.404742
c703.xyz -2559453.65056 -2274626.40277 -284704.025035
c1773.xyz -2559473.10005 -2274623.25764 -284702.110128
c401.xyz -2559481.80141 -2274661.40763 -284701.024558
c1610.xyz -2559498.54757 -2274642.48447 -284711.124673
c1966.xyz -2559508.25115 -2274658.45388 -284696.322481
c240.xyz -2559452.72528 -2274639.10521 -284696.599441
c1822.xyz -2559518.7998 -2274672.56225 -284709.575412
c692.xyz -2559479.23514 -2274628.93586 -284697.588922
c3022.xyz -2559468.44642 -2274627.16082 -284700.214305
c2319.xyz -2559452.35977 -2274659.96719 -284696.372085
c695.xyz -2559490.16302 -2274628.04976 -284705.463206
c2882.xyz -2559447.66417 -2274615.00267 -284694.585839
c3231.xyz -2559464.74307 -2274645.59922 -284710.361537
c1334.xyz -2559474.06 -2274651.90537 -284704.702794
c3277.xyz -2559474.27079 -2274637.35034 -284702.860498
c641.xyz -2559464.63329 -2274647.55257 -284688.249906
c3592.xyz -2559505.10118 -2274662.92703 -284697.734636
c2594.xyz -2559472.75366 -2274621.63051 -284710.778131
c545.xyz -2559441.98574 -2274611.78358 -284701.4078
c2989.xyz -2559478.05776 -2274634.26471 -284720.460753
c2985.xyz -2559472.06939 -2274623.5103 -284714.486387
c2899.xyz -2559510.35728 -2274679.25976 -284704.885434
c3556.xyz -2559465.21467 -2274640.3707 -284705.377481
c2459.xyz -2559437.58427 -2274598.45169 -284701.900786
c147.xyz -2559463.68043 -2274628.12279 -284699.234183
c485.xyz -2559490.92451 -2274664.52015 -284698.526262
c850.xyz -2559479.26602 -2274644.00988 -284706.571749
c2259.xyz -2559459.10003 -2274645.43376 -284697.201212
c2065.xyz -2559474.94339 -2274684.65282 -284689.905137
c3496.xyz -2559455.04889 -2274648.3818 -284695.637457
c1324.xyz -2559489.84991 -2274653.2573 -284715.016857
c1899.xyz -2559484.92613 -2274672.62805 -284697.404994
c1365.xyz -2559437.50391 -2274615.45003 -284704.732031
c3702.xyz -2559467.34978 -2274622.47689 -284702.628345
c2485.xyz -2559489.36681 -2274649.06045 -284707.388421
c300.xyz -2559493.79974 -2274657.00633 -284704.417319
c1348.xyz -2559492.3226 -2274654.09467 -284703.290443
c786.xyz -2559552.02531 -2274703.24081 -284709.489286
c2867.xyz -2559452.25686 -2274613.06877 -284705.41074
c2262.xyz -2559466.76075 -2274634.39691 -284710.013317
c2711.xyz -2559501.99095 -2274673.05994 -284706.860479
c254.xyz -2559460.18327 -2274614.89045 -284706.130443
c1195.xyz -2559479.41936 -2274664.79935 -284707.642178
c636.xyz -2559449.4529 -2274651.66257 -284693.785787
c1916.xyz -2559489.56177 -2274647.91567 -284707.257664
c1336.xyz -2559469.53295 -2274623.77299 -284695.944351
c2618.xyz -2559498.10677 -2274651.8805 -284709.564936
c643.xyz -2559513.48675 -2274697.27926 -284701.909596
c2445.xyz -2559541.88687 -2274694.30889 -284714.640429
c1126.xyz -2559504.83579 -2274654.54906 -284700.109858
c3930.xyz -2559481.08112 -2274650.01235 -284695.547205
c1212.xyz -2559470.88806 -2274627.78119 -284711.167001
c1273.xyz -2559482.86166 -2274643.26941 -284705.492366
c1857.xyz -2559474.40837 -2274608.61774 -284713.425763
c362.xyz -2559485.3794 -2274655.59281 -284698.634209
c1536.xyz -2559452.30963 -2274632.52017 -284702.128072
c2457.xyz -2559464.33678 -2274633.37602 -284684.352981
c2871.xyz -2559442.72972 -2274609.20059 -284700.228298
c342.xyz -2559489.71152 -2274666.73853 -284708.132636
c794.xyz -2559496.91347 -2274663.80288 -284701.213186
c2101.xyz -2559473.61954 -2274650.90807 -284705.997686
c853.xyz -2559478.3902 -2274650.49492 -284713.004744
c793.xyz -2559482.48071 -2274665.51598 -284700.069671
c721.xyz -2559498.81157 -2274686.4701 -284697.408617
c658.xyz -2559443.38358 -2274615.05065 -284698.888393
c3046.xyz -2559458.5769 -2274595.37997 -284711.542606
c1282.xyz -2559490.23702 -2274658.8362 -284701.268053
c259.xyz -2559490.1363 -2274641.0795 -284700.316436
c3030.xyz -2559495.61271 -2274660.41188 -284702.629348
c3674.xyz -2559459.19547 -2274646.60449 -284697.379932
c1108.xyz -2559468.10507 -2274630.82391 -284700.175701
c1576.xyz -2559482.03988 -2274634.28751 -284716.734773
c3995.xyz -2559474.4049 -2274654.19011 -284703.351506
c3588.xyz -2559493.28812 -2274646.5436 -284707.631136
c846.xyz -2559502.21802 -2274667.50464 -284709.77604
c2833.xyz -2559456.07486 -2274650.82638 -284695.943252
c2268.xyz -2559484.19137 -2274647.16662 -284696.516349
c2656.xyz -2559512.76338 -2274664.99323 -284707.508814
c153.xyz -2559483.69669 -2274656.66399 -284704.281695
c175.xyz -2559480.06069 -2274648.86706 -284711.569632
c2081.xyz -2559483.95419 -2274663.95409 -284705.941766
c3125.xyz -2559470.71062 -2274644.41277 -284708.346574
c2231.xyz -2559487.83996 -2274641.109 -284709.692333
c546.xyz -2559484.65353 -2274639.61048 -284712.397004
c347.xyz -2559472.43443 -2274629.41146 -284710.618958
c1670.xyz -2559484.91739 -2274685.62037 -284707.082146
c2888.xyz -2559451.83315 -2274642.07223 -284689.516027
c494.xyz -2559487.06984 -2274646.34991 -284700.787159
c3485.xyz -2559479.32565 -2274649.06831 -284698.864871
c266.xyz -2559499.73557 -2274682.68764 -284700.699143
c653.xyz -2559519.99436 -2274664.68735 -284708.637944
c1114.xyz -2559481.34567 -2274640.64239 -284704.990719
c151.xyz -2559463.81833 -2274612.25468 -284709.862447
c2371.xyz -2559508.84003 -2274665.39311 -284707.135655
c2842.xyz -2559484.73155 -2274641.99574 -284700.114519
c2113.xyz -2559448.57678 -2274623.11457 -284705.209583
c2254.xyz -2559477.37735 -2274610.50589 -284715.231645
c1251.xyz -2559486.67259 -2274646.45401 -284695.127117
c696.xyz -2559483.93298 -2274630.48365 -284711.952642
c845.xyz -2559471.96028 -2274623.77988 -284697.898293
c2136.xyz -2559490.4433 -2274660.97144 -284716.04371
c3683.xyz -2559493.87236 -2274664.03651 -284710.729694
c1890.xyz -2559466.473 -2274660.98417 -284697.366077
c2257.xyz -2559481.76692 -2274663.59481 -284710.252548
c1539.xyz -2559464.27838 -2274646.14982 -284691.073134
c2327.xyz -2559474.40229 -2274638.58414 -284714.961721
c2844.xyz -2559493.46092 -2274647.59014 -284692.711044
c950.xyz -2559462.54406 -2274636.84891 -284698.79775
c2194.xyz -2559464.58355 -2274641.22626 -284705.092736
c310.xyz -2559455.83964 -2274640.83009 -284699.624801
c2593.xyz -2559465.37579 -2274619.48706 -284698.950179
c411.xyz -2559501.396 -2274668.29432 -284708.516655
c1220.xyz -2559461.41422 -2274633.37636 -284708.970808
c1422.xyz -2559477.60883 -2274645.15268 -284713.211933
c2461.xyz -2559536.38931 -2274699.00481 -284707.245176
c960.xyz -2559460.54886 -2274611.05765 -284700.275009
c3304.xyz -2559437.56832 -2274614.54585 -284694.400785
c2852.xyz -2559468.66253 -2274633.16667 -284713.142753
c2258.xyz -2559477.94777 -2274651.46318 -284703.579098
c2988.xyz -2559516.91316 -2274664.19026 -284694.902002
c1313.xyz -2559496.18852 -2274645.15408 -284706.440215
c708.xyz -2559488.47648 -2274654.19129 -284709.941346
c1731.xyz -2559466.0754 -2274646.11123 -284702.485417
c3906.xyz -2559496.69984 -2274668.98846 -284707.898034
c1987.xyz -2559472.45429 -2274650.93922 -284698.910204
c1203.xyz -2559448.11685 -2274628.49192 -284684.287456
c2420.xyz -2559454.27523 -2274612.70894 -284700.150783
c821.xyz -2559478.70045 -2274654.81575 -284710.610172
c2745.xyz -2559479.54948 -2274662.5073 -284683.918975
c1496.xyz -2559437.52236 -2274612.35551 -284709.577314
c2664.xyz -2559489.72668 -2274649.93054 -284701.482619
c231.xyz -2559495.46727 -2274646.6449 -284709.035229
c1373.xyz -2559466.46406 -2274633.5933 -284709.41765
c272.xyz -2559480.46425 -2274650.3671 -284710.451428
c1344.xyz -2559491.80061 -2274659.10451 -284709.478993
c3662.xyz -2559518.10064 -2274681.56705 -284709.240583
c2879.xyz -2559518.47688 -2274694.16941 -284710.765802
c1309.xyz -2559506.30714 -2274676.79132 -284702.41194
c1757.xyz -2559485.24884 -2274643.82839 -284707.438019
c3292.xyz -2559502.82603 -2274669.15985 -284703.7813
c3550.xyz -2559478.70488 -2274642.76893 -284704.81881
c1039.xyz -2559478.61982 -2274649.84765 -284703.009644
c2662.xyz -2559493.50071 -2274675.00809 -284703.031997
c1329.xyz -2559477.10547 -2274642.29741 -284713.486518
c3487.xyz -2559480.71294 -2274652.37022 -284684.163421
c2309.xyz -2559470.33949 -2274635.24525 -284711.664673
c985.xyz -2559445.96482 -2274622.23727 -284697.710361
c2572.xyz -2559473.23876 -2274663.35193 -284707.716142
c3611.xyz -2559496.38163 -2274643.30333 -284701.95015
c2803.xyz -2559480.26687 -2274647.64601 -284709.004165
c2957.xyz -2559488.40017 -2274654.81769 -284701.757109
c3823.xyz -2559435.93473 -2274590.40587 -284705.792444
c2737.xyz -2559460.77841 -2274631.25487 -284705.376336
c289.xyz -2559457.0751 -2274634.99147 -284711.504211
c3079.xyz -2559464.43343 -2274639.03355 -284707.436389
c3902.xyz -2559435.23649 -2274627.13776 -284695.107998
c3510.xyz -2559429.92709 -2274592.51403 -284694.783448
c3853.xyz -2559487.59802 -2274655.94458 -284704.356032
c3052.xyz -2559480.38228 -2274666.1467 -284694.805469
c806.xyz -2559479.56238 -2274641.46837 -284700.743923
c3184.xyz -2559492.15486 -2274660.57626 -284697.009108
c2807.xyz -2559465.81069 -2274603.94301 -284708.251239
c71.xyz -2559506.01771 -2274670.98374 -284708.376549
c3527.xyz -2559494.74664 -2274650.43662 -284706.484176
c3873.xyz -2559483.67873 -2274642.51402 -284713.217563
c3122.xyz -2559508.29436 -2274664.13756 -284696.916968
c3474.xyz -2559472.65474 -2274642.50932 -284698.259315
c1643.xyz -2559478.24346 -2274686.18297 -284697.436456
c616.xyz -2559488.03093 -2274653.58992 -284707.257799
c3799.xyz -2559491.98422 -2274647.24529 -284713.640936
c2994.xyz -2559470.73703 -2274626.34161 -284704.344119
c2740.xyz -2559479.45746 -2274652.74011 -284715.311216
c1288.xyz -2559463.8747 -2274623.98476 -284711.575754
c3559.xyz -2559429.09218 -2274600.25609 -284700.612648
c1414.xyz -2559472.13275 -2274654.35342 -284699.432156
c1043.xyz -2559429.09399 -2274616.69809 -284691.257102
c2520.xyz -2559473.24376 -2274660.95608 -284696.3991
c2731.xyz -2559479.29389 -2274649.82643 -284701.207685
c889.xyz -2559484.07599 -2274650.18109 -284709.32162
c1261.xyz -2559498.40079 -2274666.77082 -284702.631807
c2356.xyz -2559490.06657 -2274649.06917 -284708.695626
c3318.xyz -2559443.13125 -2274631.16353 -284694.044915
c1970.xyz -2559447.95561 -2274621.23514 -284711.100305
c3202.xyz -2559506.75844 -2274647.97781 -284704.894988
c2283.xyz -2559484.42085 -2274653.6489 -284699.240437
c1908.xyz -2559497.9792 -2274655.81234 -284710.044371
c3655.xyz -2559499.98627 -2274665.51201 -284706.801965
c1975.xyz -2559467.08126 -2274639.07157 -284708.193392
c2103.xyz -2559497.04517 -2274667.32648 -284705.831132
c3663.xyz -2559467.5842 -2274635.59806 -284705.565341
c541.xyz -2559494.52898 -2274673.63025 -284707.406221
c1704.xyz -2559472.4362 -2274637.08742 -284706.134151
c1864.xyz -2559487.29288 -2274667.67824 -284714.40816
c2004.xyz -2559480.25219 -2274621.81858 -284706.063916
c61.xyz -2559458.44142 -2274613.06129 -284699.511731
c683.xyz -2559498.32168 -2274645.65306 -284713.18258
c2342.xyz -2559464.36944 -2274634.81741 -284702.278772
c2070.xyz -2559481.89612 -2274642.83952 -284702.450575
c434.xyz -2559509.11697 -2274669.55715 -284716.250548
c3965.xyz -2559464.75113 -2274651.14006 -284707.73644
c930.xyz -2559470.12131 -2274655.01004 -284706.605822
c3137.xyz -2559482.51392 -2274654.09492 -284708.610208
c367.xyz -2559484.31676 -2274654.36962 -284699.068121
c1579.xyz -2559473.64275 -2274643.2506 -284710.242901
c555.xyz -2559492.16889 -2274641.57206 -284691.772857
c748.xyz -2559491.10067 -2274641.39227 -284705.670826
c3216.xyz -2559476.33542 -2274631.35878 -284709.581347
c3399.xyz -2559463.69092 -2274656.053 -284683.978356
c3990.xyz -2559476.43033 -2274653.15484 -284706.045158
c827.xyz -2559481.73363 -2274650.40696 -284709.549683
c3671.xyz -2559454.83589 -2274640.91725 -284690.5068
c171.xyz -2559462.13966 -2274659.14505 -284704.459788
c3735.xyz -2559469.75772 -2274626.71259 -284703.049737
c30.xyz -2559475.53652 -2274635.40982 -284710.936444
c2525.xyz -2559413.02044 -2274606.29066 -284692.747909
c3806.xyz -2559460.94674 -2274627.42731 -284707.410323
c2423.xyz -2559476.5755 -2274635.20182 -284708.837572
c2934.xyz -2559479.04898 -2274638.89636 -284708.728034
c2198.xyz -2559462.20804 -2274632.59343 -284706.969227
c623.xyz -2559452.67189 -2274631.28242 -284705.734214
c2215.xyz -2559499.26973 -2274646.79173 -284711.974761
c3416.xyz -2559457.04271 -2274608.35254 -284713.601297
c1883.xyz -2559450.49886 -2274630.4252 -284703.810174
c2241.xyz -2559452.72216 -2274613.75449 -284706.624814
c3015.xyz -2559481.02375 -2274648.76569 -284708.475571
c3392.xyz -2559459.09264 -2274624.54264 -284697.698999
c1843.xyz -2559459.01831 -2274619.68712 -284696.43659
c1356.xyz -2559495.65291 -2274662.37527 -284704.418017
c2317.xyz -2559495.80591 -2274668.61237 -284701.281286
c2712.xyz -2559502.17764 -2274657.09024 -284697.945349
c1558.xyz -2559487.0722 -2274664.35454 -284685.615933
c1680.xyz -2559488.98457 -2274668.06537 -284708.083429
c2755.xyz -2559522.98993 -2274683.55376 -284709.185799
c849.xyz -2559444.53839 -2274631.83891 -284703.77795
c179.xyz -2559480.98233 -2274633.57046 -284715.421224
c3547.xyz -2559440.60727 -2274607.61926 -284702.113904
c1949.xyz -2559501.04648 -2274658.35712 -284697.323971
c3560.xyz -2559459.14592 -2274618.82403 -284705.883544
c2414.xyz -2559435.59572 -2274617.14435 -284692.336136
c3467.xyz -2559454.02931 -2274618.48328 -284699.510109
c2237.xyz -2559460.27297 -2274649.47257 -284697.694865
c1671.xyz -2559437.66078 -2274635.00354 -284695.090497
c1086.xyz -2559456.32434 -2274625.43207 -284691.330454
c1530.xyz -2559472.96246 -2274641.24909 -284705.272221
c3741.xyz -2559464.97862 -2274643.32992 -284699.549888
c444.xyz -2559420.65643 -2274609.11288 -284709.282398
c1105.xyz -2559502.07716 -2274657.18016 -284699.622584
c2290.xyz -2559479.27424 -2274656.00467 -284710.348048
c2969.xyz -2559499.71551 -2274643.58504 -284706.436384
c2780.xyz -2559493.98816 -2274642.09302 -284711.526735
c2519.xyz -2559491.30382 -2274658.78116 -284712.58388
c3057.xyz -2559503.06466 -2274671.39413 -284702.248122
c225.xyz -2559486.74739 -2274659.31812 -284709.203875
c973.xyz -2559480.73515 -2274654.77794 -284696.573818
c2417.xyz -2559485.29725 -2274617.94927 -284706.062777
c139.xyz -2559492.00549 -2274661.57159 -284697.934325
c1133.xyz -2559433.87828 -2274596.85181 -284692.414634
c1082.xyz -2559494.16137 -2274667.13665 -284701.429007
c1206.xyz -2559474.33418 -2274631.517 -284689.479832
c3697.xyz -2559478.48065 -2274635.32333 -284698.006953
c612.xyz -2559481.97004 -2274664.38423 -284690.688804
c903.xyz -2559501.25794 -2274660.81671 -284707.438003
c604.xyz -2559463.39437 -2274634.54885 -284698.978978
c1341.xyz -2559448.08798 -2274632.58842 -284702.943513
c2820.xyz -2559472.42368 -2274638.52633 -284698.930806
c1165.xyz -2559466.95916 -2274642.88001 -284707.552668
c2448.xyz -2559520.20345 -2274667.91401 -284707.787894
c34.xyz -2559498.10036 -2274658.80808 -284711.798553
c1522.xyz -2559500.94386 -2274677.64601 -284703.399161
c2202.xyz -2559525.53864 -2274675.64341 -284702.898174
c1278.xyz -2559518.57227 -2274641.56111 -284703.25013
c1787.xyz -2559503.55549 -2274674.30807 -284707.295594
c900.xyz -2559468.88774 -2274630.70467 -284704.471563
c1306.xyz -2559486.4587 -2274656.78145 -284693.672213
c323.xyz -2559475.57519 -2274653.98367 -284703.80977
c598.xyz -2559471.9723 -2274661.29408 -284702.682905
c2496.xyz -2559504.09235 -2274665.96591 -284707.524136
c2335.xyz -2559481.73535 -2274651.57948 -284704.560218
c3778.xyz -2559487.53897 -2274678.34804 -284700.299588
c601.xyz -2559479.52602 -2274642.65266 -284711.351371
c2484.xyz -2559495.93558 -2274683.33138 -284695.582991
c358.xyz -2559483.06283 -2274637.10642 -284712.493465
c93.xyz -2559476.5844 -2274645.68667 -284702.944672
c3993.xyz -2559491.00181 -2274647.85854 -284704.794091
c3816.xyz -2559468.38297 -2274624.51376 -284698.569473
c1551.xyz -2559494.34249 -2274673.23839 -284698.939635
c2921.xyz -2559414.47454 -2274617.44508 -284695.05367
c2193.xyz -2559469.73099 -2274642.90318 -284700.778388
c2958.xyz -2559480.53963 -2274644.82257 -284709.496316
c199.xyz -2559457.19593 -2274628.0463 -284705.252994
c589.xyz -2559441.81411 -2274616.39987 -284696.803115
c553.xyz -2559464.47825 -2274633.3074 -284701.369075
c1651.xyz -2559495.40543 -2274657.68129 -284711.990594
c994.xyz -2559505.35007 -2274672.57985 -284710.511272
c360.xyz -2559472.53786 -2274650.32158 -284707.508748
c927.xyz -2559457.69274 -2274625.43947 -284705.275827
c228.xyz -2559468.89825 -2274650.09774 -284703.097688
c2581.xyz -2559458.46578 -2274613.68362 -284705.66635
c3900.xyz -2559478.69193 -2274633.90763 -284718.330529
c2576.xyz -2559473.0202 -2274648.12732 -284700.437848
c1974.xyz -2559479.21838 -2274625.83061 -284714.717224
c256.xyz -2559480.78551 -2274657.1254 -284705.344068
c2877.xyz -2559467.35294 -2274634.92828 -284699.633594
c2773.xyz -2559473.35868 -2274614.60757 -284696.75338
c1323.xyz -2559489.15919 -2274655.15886 -284711.664682
c176.xyz -2559480.09181 -2274637.01234 -284698.984161
c1991.xyz -2559453.22103 -2274631.83276 -284701.56499
c1241.xyz -2559493.99983 -2274665.08709 -284701.796456
c3862.xyz -2559475.66823 -2274641.64061 -284699.191657
c808.xyz -2559475.7764 -2274646.2263 -284701.332468
c1439.xyz -2559462.4133 -2274659.59949 -284702.813111
c1910.xyz -2559501.59611 -2274657.3849 -284712.268791
c3808.xyz -2559499.90597 -2274666.31905 -284705.462502
c364.xyz -2559448.19013 -2274620.56969 -284712.119117
c85.xyz -2559464.76687 -2274628.7767 -284702.794601
c1785.xyz -2559466.82391 -2274661.86038 -284697.979179
c12.xyz -2559468.23721 -2274626.73441 -284708.454541
c3446.xyz -2559495.56681 -2274665.50829 -284714.005248
c1905.xyz -2559467.61972 -2274648.46959 -284699.82479
c2504.xyz -2559497.32098 -2274653.0148 -284698.542083
c514.xyz -2559471.26732 -2274642.71774 -284693.395953
c1646.xyz -2559469.96709 -2274647.38774 -284711.882939
c359.xyz -2559452.95042 -2274637.98797 -284691.275842
c2366.xyz -2559506.82656 -2274666.90555 -284699.890091
c2639.xyz -2559495.36624 -2274653.90363 -284696.974665
c3347.xyz -2559529.50983 -2274686.75838 -284701.511962
c668.xyz -2559514.57343 -2274680.72249 -284714.605461
c961.xyz -2559482.2995 -2274642.11754 -284714.389015
c3161.xyz -2559469.96531 -2274654.48738 -284696.307042
c3739.xyz -2559484.52664 -2274655.68079 -284702.285753
c3732.xyz -2559460.63221 -2274624.65359 -284699.767849
c544.xyz -2559493.52197 -2274664.37905 -284701.667383
c1343.xyz -2559485.31194 -2274650.89628 -284701.756707
c1022.xyz -2559468.51784 -2274636.08229 -284701.720142
c2672.xyz -2559478.0694 -2274646.11651 -284707.222977
c2341.xyz -2559510.85808 -2274657.6485 -284710.603424
c1742.xyz -2559484.03204 -2274649.06838 -284710.495548
c3848.xyz -2559465.66549 -2274621.00197 -284708.661107
c3270.xyz -2559490.68052 -2274677.99805 -284685.233416
c3349.xyz -2559488.80669 -2274660.87169 -284715.528005
c3812.xyz -2559458.25785 -2274635.23308 -284712.87748
c3595.xyz -2559463.67371 -2274645.79834 -284703.56501
c3225.xyz -2559520.45393 -2274669.24124 -284701.990775
c967.xyz -2559481.31725 -2274638.60105 -284700.970459
c3312.xyz -2559486.30654 -2274643.8224 -284717.949826
c1879.xyz -2559463.06679 -2274626.83883 -284701.939038
c436.xyz -2559460.13521 -2274611.35555 -284707.826943
c2550.xyz -2559479.28077 -2274650.34252 -284696.301997
c2211.xyz -2559466.81681 -2274621.26571 -284706.451348
c3408.xyz -2559476.08103 -2274642.0407 -284695.241796
c2630.xyz -2559450.65511 -2274638.80358 -284698.76457
c3348.xyz -2559518.91217 -2274668.95487 -284712.128587
c1151.xyz -2559492.80874 -2274648.76192 -284712.02652
c3760.xyz -2559504.94732 -2274653.25389 -284712.731261
c3362.xyz -2559479.33037 -2274641.91426 -284697.627137
c1686.xyz -2559476.31045 -2274620.61242 -284697.720742
c2724.xyz -2559412.76842 -2274602.63384 -284694.121724
c987.xyz -2559498.14295 -2274657.94129 -284691.125716
c3186.xyz -2559489.89068 -2274653.34155 -284696.267497
c3414.xyz -2559470.33757 -2274633.61914 -284701.046319
c149.xyz -2559459.87665 -2274613.65876 -284695.451147
c2214.xyz -2559455.52296 -2274616.53402 -284706.149751
c2648.xyz -2559480.30614 -2274639.92496 -284702.677347
c1735.xyz -2559484.93309 -2274656.07242 -284707.777027
c817.xyz -2559474.0837 -2274658.344 -284698.630212
c1866.xyz -2559454.04106 -2274626.90099 -284700.126293
c1708.xyz -2559436.6718 -2274610.18126 -284710.74648
c2185.xyz -2559417.27318 -2274595.61707 -284693.352609
c3803.xyz -2559498.38089 -2274671.87209 -284710.51867
c49.xyz -2559441.09295 -2274624.15963 -284700.505656
c945.xyz -2559500.33649 -2274641.29974 -284708.192202
c1630.xyz -2559477.15224 -2274648.81137 -284702.815103
c2432.xyz -2559462.91449 -2274656.23858 -284702.975523
c1880.xyz -2559507.53515 -2274654.25129 -284712.952799
c3530.xyz -2559504.07645 -2274669.37409 -284707.116419
c2660.xyz -2559475.32192 -2274638.40541 -284707.628403
c1416.xyz -2559458.90939 -2274651.44133 -284690.65808
c746.xyz -2559470.71891 -2274653.87163 -284710.223043
c1783.xyz -2559511.26293 -2274670.76441 -284713.182006
c2816.xyz -2559474.28155 -2274647.32248 -284695.552044
c2382.xyz -2559514.95196 -2274673.42374 -284702.212963
c2802.xyz -2559494.01199 -2274647.02783 -284706.198196
c1252.xyz -2559460.52178 -2274623.28177 -284690.484166
c1185.xyz -2559491.99964 -2274650.06495 -284709.914853
c3097.xyz -2559445.8979 -2274618.96332 -284702.198322
c452.xyz -2559469.04059 -2274663.64202 -284695.307875
c1267.xyz -2559482.52515 -2274628.27429 -284705.560833
c428.xyz -2559487.79319 -2274675.60985 -284710.144935
c763.xyz -2559484.67325 -2274630.16911 -284696.868473
c1260.xyz -2559502.30628 -2274657.57699 -284712.223036
c3553.xyz -2559513.63887 -2274670.28404 -284705.812066
c3409.xyz -2559507.4955 -2274660.93768 -284704.037494
c3107.xyz -2559500.19496 -2274645.18593 -284701.651283
c2315.xyz -2559490.54666 -2274660.43719 -284698.066792
c155.xyz -2559472.58016 -2274632.32484 -284697.809635
c819.xyz -2559458.35921 -2274651.33758 -284689.335535
c2569.xyz -2559481.27877 -2274634.04903 -284700.269959
c1030.xyz -2559519.75177 -2274685.88425 -284709.058892
c3872.xyz -2559510.14021 -2274648.28595 -284703.991695
c1770.xyz -2559490.38279 -2274646.12621 -284712.671716
c2554.xyz -2559493.42152 -2274652.34497 -284712.670446
c3932.xyz -2559493.19832 -2274653.11531 -284692.832063
c1468.xyz -2559459.94804 -2274630.57367 -284698.067414
c3083.xyz -2559447.52005 -2274629.25402 -284693.854538
c2580.xyz -2559518.09243 -2274683.44347 -284700.943636
c1240.xyz -2559495.58086 -2274649.88878 -284700.006643
c2357.xyz -2559473.4251 -2274632.71859 -284698.647715
c3196.xyz -2559501.76357 -2274670.04907 -284700.007955
c3472.xyz -2559473.41058 -2274627.22623 -284706.979522
c3372.xyz -2559464.05771 -2274627.68205 -284711.772406
c3955.xyz -2559496.5017 -2274635.42835 -284708.674807
c953.xyz -2559459.70418 -2274625.95886 -284701.258019
c3150.xyz -2559498.29733 -2274661.50944 -284700.457305
c3921.xyz -2559484.68099 -2274639.55563 -284696.251655
c2615.xyz -2559464.20578 -2274628.93046 -284707.675174
c3113.xyz -2559474.19026 -2274615.87522 -284703.095729
c1399.xyz -2559467.30863 -2274627.25881 -284691.348703
c1614.xyz -2559482.51715 -2274635.28765 -284705.125513
c3971.xyz -2559475.82199 -2274617.54644 -284691.406947
c3220.xyz -2559494.13296 -2274675.29938 -284695.484198
c2661.xyz -2559467.08772 -2274631.1957 -284700.092723
c3651.xyz -2559470.78981 -2274643.52983 -284705.597284
c1906.xyz -2559502.87526 -2274653.29373 -284712.284429
c3375.xyz -2559488.70352 -2274640.67854 -284711.149071
c863.xyz -2559493.28188 -2274658.51158 -284709.432848
c461.xyz -2559445.07842 -2274608.20227 -284704.919048
c550.xyz -2559485.61679 -2274661.08292 -284703.664152
c2119.xyz -2559514.38311 -2274665.10033 -284705.106854
c2756.xyz -2559483.71469 -2274646.04377 -284699.872927
c99.xyz -2559486.55933 -2274641.0906 -284716.686053
c2529.xyz -2559493.91479 -2274670.114 -284696.727172
c2057.xyz -2559473.87862 -2274627.23197 -284696.766083
c2781.xyz -2559471.6767 -2274638.72276 -284699.870568
c1286.xyz -2559464.23753 -2274649.53736 -284697.775895
c1460.xyz -2559509.55429 -2274665.89947 -284712.690479
c2772.xyz -2559483.63797 -2274656.4615 -284707.47203
c2935.xyz -2559501.03522 -2274651.23605 -284706.166652
c2982.xyz -2559466.87577 -2274620.80858 -284697.717768
c732.xyz -2559468.58427 -2274648.7614 -284710.062652
c16.xyz -2559452.69074 -2274637.25978 -284683.076071
c168.xyz -2559509.43017 -2274678.54539 -284716.888606
c2463.xyz -2559504.3721 -2274637.57089 -284707.918799
c2897.xyz -2559466.87482 -2274628.57736 -284701.481038
c403.xyz -2559475.82283 -2274636.81221 -284711.359006
c993.xyz -2559450.7831 -2274609.8856 -284697.066275
c2182.xyz -2559457.70238 -2274643.30913 -284702.357046
c720.xyz -2559500.89149 -2274661.65909 -284709.815589
c2036.xyz -2559478.91158 -2274643.54266 -284707.044671
c876.xyz -2559477.61522 -2274635.84104 -284696.45717
c3573.xyz -2559462.77532 -2274629.24017 -284696.357167
c3170.xyz -2559473.38659 -2274650.55358 -284713.012644
c430.xyz -2559474.53112 -2274661.24895 -284693.029884
c3640.xyz -2559453.97855 -2274607.21094 -284709.233721
c2038.xyz -2559471.90974 -2274626.82623 -284707.614818
c3451.xyz -2559436.10979 -2274611.98709 -284702.382188
c3566.xyz -2559460.11818 -2274637.12878 -284713.32117
c2062.xyz -2559472.23383 -2274642.38255 -284703.183029
c1158.xyz -2559477.20307 -2274643.60447 -284711.322142
c2623.xyz -2559445.47576 -2274621.91584 -284708.350252
c375.xyz -2559495.32631 -2274655.95739 -284708.14421
c3749.xyz -2559462.20638 -2274635.36863 -284713.096235
c3367.xyz -2559479.98357 -2274655.42922 -284712.794087
c2719.xyz -2559454.88 -2274619.67592 -284688.923658
c2294.xyz -2559401.85055 -2274610.01888 -284681.638648
c2090.xyz -2559482.12404 -2274650.39463 -284699.897763
c1294.xyz -2559466.5656 -2274629.69376 -284704.421591
c2011.xyz -2559471.42067 -2274624.91965 -284697.848512
c556.xyz -2559477.28618 -2274637.67169 -284705.085214
c1557.xyz -2559501.92912 -2274669.89401 -284714.683219
c3026.xyz -2559510.28619 -2274674.44569 -284705.64687
c1019.xyz -2559496.64675 -2274654.85997 -284704.205707
c2977.xyz -2559425.67758 -2274596.84292 -284700.566886
c2107.xyz -2559457.96176 -2274638.31677 -284712.015729
c2045.xyz -2559455.63963 -2274606.99603 -284709.495872
c1560.xyz -2559463.65343 -2274650.20751 -284702.941541
c2825.xyz -2559491.27599 -2274653.95575 -284713.118897
c1929.xyz -2559494.95697 -2274650.37798 -284705.266307
c2528.xyz -2559470.93956 -2274630.66012 -284710.169534
c2469.xyz -2559500.84661 -2274667.16143 -284705.011977
c3567.xyz -2559552.08372 -2274702.70414 -284713.449142
c757.xyz -2559518.92308 -2274674.43499 -284709.069151
c3641.xyz -2559475.99772 -2274637.04758 -284691.359933
c3210.xyz -2559489.13488 -2274673.22501 -284694.279933
c2221.xyz -2559462.343 -2274632.14539 -284694.347492
c1303.xyz -2559469.99493 -2274626.93605 -284698.971695
c3757.xyz -2559470.01712 -2274640.64524 -284699.468781
c536.xyz -2559484.27535 -2274655.30178 -284702.43799
c3743.xyz -2559474.20658 -2274649.52337 -284707.92186
c2475.xyz -2559492.14074 -2274646.77211 -284703.556731
c1396.xyz -2559508.96883 -2274637.15018 -284707.671575
c3488.xyz -2559472.73404 -2274620.82278 -284710.513031
c3460.xyz -2559461.81923 -2274644.37925 -284687.367964
c262.xyz -2559482.06495 -2274648.78722 -284708.714706
c1438.xyz -2559441.3076 -2274601.75046 -284702.789604
c137.xyz -2559481.43518 -2274654.33484 -284709.919159
c2733.xyz -2559486.16316 -2274629.44544 -284706.946189
c441.xyz -2559442.18574 -2274632.87195 -284709.732086
c706.xyz -2559522.82795 -2274669.66323 -284709.50576
c2222.xyz -2559478.0092 -2274654.87117 -284695.250804
c1658.xyz -2559439.30134 -2274591.55705 -284711.559239
c3360.xyz -2559489.79382 -2274632.20261 -284707.626294
c249.xyz -2559444.81819 -2274605.84788 -284696.15814
c881.xyz -2559489.51167 -2274669.81584 -284703.949018
c2707.xyz -2559477.02778 -2274633.53042 -284712.188272
c1676.xyz -2559451.94056 -2274627.0086 -284699.193032
c2091.xyz -2559483.84984 -2274626.05509 -284710.276029
c2186.xyz -2559475.25086 -2274634.87285 -284703.552569
c143.xyz -2559504.05774 -2274656.11513 -284711.651545
c2804.xyz -2559473.8043 -2274617.3978 -284716.092947
c47.xyz -2559481.98408 -2274638.9147 -284703.624136
c2083.xyz -2559474.90788 -2274661.79472 -284695.780313
c884.xyz -2559469.08392 -2274646.96429 -284696.227118
c627.xyz -2559489.44582 -2274656.91791 -284712.325259
c1052.xyz -2559498.47399 -2274661.82552 -284719.814586
c1397.xyz -2559460.22604 -2274607.68554 -284707.064136
c3457.xyz -2559466.43425 -2274625.1923 -284707.606726
c1816.xyz -2559477.19604 -2274619.49533 -284704.6505
c2285.xyz -2559471.30293 -2274649.11524 -284706.784659
c1850.xyz -2559510.64936 -2274654.99327 -284704.060561
c3830.xyz -2559467.4389 -2274658.86199 -284707.718347
c180.xyz -2559483.40875 -2274646.72026 -284707.830613
c2020.xyz -2559463.48368 -2274628.95729 -284706.118466
c2030.xyz -2559494.16913 -2274640.27746 -284707.611825
c2375.xyz -2559498.47304 -2274670.20569 -284703.299963
c1739.xyz -2559434.82098 -2274628.34145 -284692.518291
c3103.xyz -2559522.87572 -2274661.05839 -284712.652432
